liver_myc	kidney_myc	lung_myc	lung_mycras	lung_ras	tall_myc	eumyc_myc
100036521	100038993	100213	100041194	100213	100008567	100038525
100037258	100039795	100226	100121	100503311	100033459	100038702
100038514	100039968	100503311	100213	100647	100034251	100038723
100038993	100042198	100647	100226	101476	100036526	100038909
100039795	100043057	101476	100503311	101540	100036768	100039225
100163	100043232	101540	100647	102103	100037278	100039495
100503085	100061	102103	100972	102371	100038347	100039674
100503386	100066	102371	101113	102693	100038363	100039707
100504474	100121	102693	101476	104086	100038426	100039964
100561	100163	104001	101488	104110	100038464	100039968
100637	100201	104086	101540	104158	100038563	100040270
100705	100503085	104110	101602	104252	100038591	100040462
100727	100504474	104252	102098	104582	100038645	100040822
100737	100637	104582	102103	104601	100038725	100041146
101488	101056100	105450	102371	105450	100038751	100041318
101502	101613	105827	102595	105827	100038755	100041450
102022	102093	105833	102693	105844	100038850	100042498
102103	102103	105844	103172	106042	100038882	100042793
102294	102371	106042	104086	106648	100038909	100043057
102633223	102570	106585	104110	106952	100038947	100043070
102644	102633223	106648	104158	107351	100039674	100043176
102866	103140	106952	104252	107607	100039707	100043541
103142	103149	107351	104582	107753	100039964	100043606
103149	103175	107528	104601	107765	100040462	100043726
103655	103694	107589	105171	108075	100040710	100043757
103711	103711	107607	105450	108089	100040736	100155
103844	104156	107723	105827	108927	100040944	100177
103988	104158	107753	105833	108995	100041146	100182
104009	104174	107765	105844	109672	100041450	100303737
104086	104175	108075	106042	109689	100042372	100313944
104158	104662	108089	106585	109700	100042498	100383
104349	104718	108116	106648	109979	100042614	100415785
104662	104776	108686	106877	110084	100042856	100415915
104816	105014	108927	106952	110197	100042926	100416360
105014	105242790	108995	107351	110454	100043102	100416900
105246089	105355	109042	107528	110532	100043177	100502579
105352	105387	109672	107589	110542	100043197	100502653
105355	105428	109689	107607	11302	100043204	100502698
105387	105887	109978	107723	114301	100043218	100502736
105827	106014	109979	107753	114332	100043270	100502920
105887	106068	110075	107765	11450	100043274	100503096
105892	106407	110084	108075	11464	100043308	100503190
106052	106840	110168	108089	11468	100043643	100503307
106564	106861	110197	108115	11472	100043682	100503338
106581	106869	11302	108116	11475	100043726	100503386
106648	106877	114301	108686	11482	100043757	100503422
106766	107022	114332	108927	11514	100043813	100503470
106861	107146	11450	108995	11522	100048534	100503498
107022	107568	114602	109042	11536	100048983	100503545
107141	107723	11461	109082	11537	100049168	100503620
107146	107747	11464	109672	11555	100049568	100503651
107173	107766	11482	109689	11568	100113412	100503680
107227	107869	11490	109978	11596	100121	100503704
107528	107885	11522	109979	11601	100123473	100503812
107568	107971	11536	110075	11603	100124661	100504026
107747	108017	11537	110084	11604	100124684	100504153
107766	108030	11555	110168	11607	100124685	100504333
107770	108037	11596	110196	11656	100124686	100504581
107869	108114	11600	110197	11668	100124688	100504714
107885	108116	11604	110454	11670	100124698	100504727
108030	108156	11607	110532	116847	100126034	100532730
108079	108159	11655	11302	117158	100126357	100750327
108112	108645	11656	11307	11754	100126462	100775173
108687	108687	11668	114301	11815	100126469	100775174
108735	108960	11670	114332	11826	100126471	100775175
109052	109019	11684	11450	11938	100127433	100855
109168	109079	116847	114602	12006	100177	100861855
109222	109093	117158	11464	12029	100182	101148
109254	109108	11747	11468	12064	100201	101490
109299	109154	11758	11472	12111	100273	101497
109305	109218	11785	11475	12161	100313944	101700
109672	109254	11826	11482	12258	100316903	101985
109731	109299	11841	11490	12263	100317	102294
109754	109342	11938	11514	12266	100328574	102442
109821	109575	12006	11515	12268	100342	102566
109900	109652	12010	11522	12345	100379146	102595
109901	109672	12029	11536	12350	100382	102631780
109959	109900	12050	11537	12389	100383	102631833
110198	109901	12064	11555	12390	100415915	102631965
110382	110095	12161	11596	12395	100434	102632086
110821	110175	12167	11604	12398	100463512	102632602
11363	110198	12258	11607	12409	100465	102632708
11430	110265	12263	11655	12500	100494	102633400
114301	110391	12274	11656	12501	100502698	102633410
11432	110460	12293	11668	12526	100502736	102633928
114664	110821	12345	11670	12554	100502920	102634072
114863	110842	12350	116847	12562	100502985	102634079
11490	110959	12351	117158	12577	100503000	102634160
11515	111175	12363	11747	12580	100503085	102634323
11522	112405	12389	11758	12583	100503104	102634739
11536	11363	12395	11797	12585	100503307	102634822
11611	11364	12398	11804	12638	100503311	102635243
11630	11370	12409	11815	12643	100503318	102635305
11655	11421	12458	11826	12709	100503422	102635853
11668	11429	12479	11841	12741	100503498	102636022
116873	11430	12481	11853	12828	100503502	102636133
116891	11438	12500	11857	12830	100503620	102636251
117149	114602	12501	11938	12865	100503652	102636330
11722	114644	12502	12006	12869	100503680	102636620
11727	114664	12511	12010	12870	100503797	102637238
11731	11472	12522	12029	12934	100504114	102637283
11732	11479	12526	12050	12937	100504229	102637410
117586	114863	12554	12064	12955	100504231	102637436
117591	11502	12562	12161	13008	100504255	102637492
11793	11522	12583	12167	13009	100504344	102637787
11814	11534	12638	12175	13087	100504375	102638208
11856	11549	12721	12229	13088	100504425	102638315
11872	11552	12741	12258	13106	100504458	102638408
11889	11565	12802	12263	13107	100504486	102638977
11890	11607	12827	12266	13120	100504518	102639086
11905	11610	12828	12274	13143	100504581	102640044
11981	11639	12829	12293	13179	100504591	102640140
11988	11656	12830	12310	13198	100504616	102640204
11990	11671	12862	12345	13346	100504641	102640368
12006	11684	12865	12350	13363	100504663	102640547
12007	116939	12869	12351	13479	100504714	102640741
12012	11793	12934	12362	13518	100504727	102640771
12014	11814	12937	12363	13614	100561	102640920
12050	11826	12955	12389	13617	100616095	102640942
12068	11827	12977	12395	13618	100637	102641509
12153	11828	13009	12398	13628	100653389	102641860
12165	11829	13010	12409	13649	100732	102657
12215	11832	13026	12444	13660	100775173	102791
12258	11856	13087	12445	13731	100775175	103213
12268	11881	13088	12458	13805	100855	103284
12269	11898	13106	12479	13808	100861855	103768
12274	11936	13107	12481	13819	100910	105242776
12279	11944	13120	12490	13822	101023	105242966
12282	11950	13136	12500	13823	101100	105243233
12310	11972	13143	12501	13829	101148	105243991
12334	12035	13179	12502	13849	101202	105244026
12350	12050	13198	12526	13855	101320	105244530
12355	12064	13346	12554	140721	101488212	105244624
12359	12068	13476	12562	140742	101490	105245179
12369	12349	13518	12583	14077	101497	105245957
12370	12351	13614	12585	14081	101540	105246020
12408	12359	13617	12638	14102	101685	105246452
12411	12374	13618	12660	14114	101700	105246679
12443	12411	13628	12721	14165	101883	105246705
12457	12443	13642	12741	14178	102098	105246948
12479	12499	13649	12767	14181	102294	105247126
12499	12675	13660	12802	14190	102371	105428
12606	12684	13731	12828	14198	102442	105827
12623	12763	13805	12829	14199	102443351	105841
12630	12780	13819	12830	14205	102595	106064
12675	12828	13829	12833	14219	102631530	106389
12686	12829	13855	12834	14254	102631647	106512
12724	12865	13897	12862	14261	102631725	106564
12738	12895	14007	12865	14262	102631780	106633
12739	12908	140721	12869	14263	102631881	106759
12763	12946	140742	12934	14373	102631889	107239
12780	12972	14077	12937	14432	102631965	107242
12846	13019	14081	12953	14461	102632036	107321
12870	13036	14114	12955	14462	102632303	107350
12892	13063	14164	12977	14469	102632394	107526
12909	13086	14165	13009	14560	102632602	107607
12916	13087	14178	13010	14570	102633400	107684
12946	13101	14184	13087	14600	102633811	107723
12972	13105	14190	13088	14605	102633880	107766
13009	13106	14199	13106	14612	102634034	107769
13077	13120	14205	13107	14613	102634072	107975
13082	13121	14231	13120	14675	102634150	108005
13085	13132	14254	13136	14696	102634160	108012
13086	13136	14261	13143	14702	102634683	108022
13087	13170	14262	13198	14726	102634822	108024
13088	13171	14263	13346	14729	102635083	108052
13094	13214	14432	13476	14773	102635305	108058
13095	13419	14461	13479	14778	102635772	108072
13096	13476	14462	13518	14858	102635830	108089
13098	13479	14469	13614	14859	102635948	108105
13101	13480	14560	13617	14863	102636045	108154
13105	13595	14605	13618	15129	102636262	108167329
13106	13619	14612	13628	15130	102636620	108167379
13107	13645	14613	13642	15213	102637244	108168079
13108	13648	14696	13644	15227	102637787	108168208
13112	13649	14702	13649	15360	102638097	108168710
13113	13796	14710	13660	15402	102638315	108168734
13122	13819	14726	13713	15404	102638353	108168815
13123	13829	14729	13731	15413	102638408	108168891
13124	13850	14773	13805	15439	102638466	108655
13170	13885	14778	13808	15446	102638502	108723
13171	13897	14783	13819	15464	102638882	108767
13179	13983	14859	13823	15483	102639511	108960
13353	13992	15018	13855	15507	102639543	108995
13358	14009	15129	13897	15512	102639738	109019
13370	14027	15130	14007	15529	102640140	109202
13421	14060	15186	14062	15531	102640282	109232
13423	14077	15211	140721	15586	102640300	109272
13482	14085	15213	140742	15587	102640368	109342
13595	14121	15227	14077	15896	102640588	109689
13649	14132	15258	14081	15937	102640741	109754
13663	14151	15284	14102	15958	102640771	110095
13688	14164	15360	14114	15959	102640823	110168
13706	14180	15402	14164	16008	102640920	110253
13819	14199	15404	14165	16010	102641704	110333
13835	14233	15412	14178	16011	102941	110351
13849	14245	15413	14181	16012	103161	110521
13850	142681	15446	14184	16205	103213	110557
13884	14275	15464	14190	16399	103284	110759
13897	14373	15483	14198	16421	103710	110760
13909	14377	15512	14199	16476	103724	110761
13982	14402	15530	14205	16561	103806	110762
13998	14420	15531	14219	16593	104001	110763
140492	14423	15586	14231	16598	104086	110785
14067	14431	15587	14254	16600	104175	110786
14068	14453	15896	14261	16716	104215	110787
14069	14461	15931	14262	16826	104252	110829
14071	14527	15958	14263	16909	104263	110880
14073	14537	15959	14432	16918	104271	110902
140781	14560	16007	14461	16977	104681	11302
14102	14569	16008	14462	16981	104709	11303
14121	14598	16011	14469	170442	104759	11426
14132	14600	16012	14538	17064	105171	114570
14151	14619	16145	14560	170757	105242738	114642
14164	14661	16157	14605	170765	105242862	114644
14183	14675	16170	14612	17110	105243233	114713
14198	14711	16205	14613	17112	105244624	11479
14245	14725	16362	14675	17118	105244771	11484
14262	14732	16399	14696	17130	105245179	11496
14263	14735	16407	14702	171463	105245272	11518
14317	14787	16421	14710	17150	105246705	11535
14377	14854	16432	14726	17189	105246848	115486509
14411	14871	16476	14729	17268	105246948	115486873
14453	14874	16526	14745	17286	105352	115486898
14527	14915	16561	14773	17305	105689	115486953
14528	14916	16593	14778	17349	105827	115487809
14560	14933	16598	14858	17427	105841	115488189
14571	15024	16600	14859	17536	105844	115489452
14585	15040	16643	14964	17756	106052	115489463
14600	15107	16716	15122	17762	106347	115489697
14605	15122	16783	15129	17880	106572	115490183
14618	15129	16797	15130	17888	106581	11554
14619	15130	16818	15139	17896	106759	11555
14629	15212	16826	15213	17897	106763	11567
14651	15233	16909	15227	17898	107022	11572
14661	15356	16912	15284	17901	107065	11576
14673	15378	16918	15360	17965	107173	11600
14675	15445	16976	15402	17984	107221	11622
14685	15451	16977	15404	18008	107239	11628
14711	15473	16978	15412	18080	107321	11629
14732	15484	16981	15413	18127	107338	11630
14756	15493	16994	15439	18131	107350	11658
14797	15495	170442	15446	18132	107528	116732
14825	15574	17064	15464	18162	107607	11676
14859	15902	170757	15483	18295	107684	116838
14863	16005	170765	15493	18417	107723	116848
14865	16011	17085	15507	18483	107747	116871
14867	16157	17105	15530	18590	107766	116872
14913	16168	17110	15531	18591	107769	116904
14950	16424	17112	15586	18595	107885	11704
14972	16430	17130	15587	18606	107975	117150
14979	16483	171463	15896	18611	107993	11717
15018	16509	17150	15900	18613	108005	117600
15019	16516	17189	15904	18645	108022	11796
15024	16517	17260	15931	18647	108024	11801
15040	16541	17268	15937	18718	108052	11812
15109	16548	17286	15958	18755	108058	11816
15112	16591	17289	15959	18760	108072	11852
15160	16612	17312	16007	18767	108086	11856
15233	16618	17349	16008	18769	108089	11923
15257	16619	17388	16010	18821	108105	11972
15267	16622	17427	16011	18829	108115	11975
15356	16624	17536	16012	18830	108154	11979
15375	16661	17756	16145	18858	108168669	11997
15439	16784	17760	16157	18979	108168861	12000
15445	16790	17762	16170	18985	108168974	12042
15446	16869	17873	16195	19012	108169076	12043
15451	16956	17880	16205	19025	108655	12045
15458	16974	17888	16210	19073	108670	12047
15473	16976	17896	16362	19153	108672	12051
15483	170484	17897	16400	19159	108686	12053
15486	17067	17898	16421	192187	108705	12075
15493	170745	17904	16432	19223	108723	12142
15496	170750	17912	16476	19263	108767	12143
15529	170752	17984	16498	19266	108797	12145
15586	170761	18003	16526	19267	108811	12192
15902	170765	18018	16561	19273	108829	12226
15903	170789	18113	16592	19285	108927	12259
15959	170799	18127	16593	19418	108960	12260
16000	17113	18128	16598	19659	109151	12262
16005	171166	18131	16600	19699	109181	12265
16145	171282	18132	16643	19739	109186	12274
16151	17155	18162	16716	20230	109202	12298
16157	17194	18186	16792	20257	109225	12309
16169	17242	18218	16797	20272	109241	12331
16173	17287	18293	16818	20277	109246	12332
16180	17288	18295	16826	20278	109263	12346
16194	17289	18441	16909	20292	109305	12354
16325	17295	18483	16912	20304	109319	12362
16363	17306	18537	16918	20315	109342	12363
16391	17309	18591	16956	20324	109685	12371
16424	17434	18595	16977	20346	109934	12380
16427	17436	18606	16978	20347	110084	12394
16439	17449	18611	16981	20349	110095	12444
16529	17527	18613	16994	20350	110168	12458
16548	17532	18645	170442	20355	110253	12475
16561	17536	18647	17064	20356	110351	12479
16621	17714	18708	170757	20404	110454	12480
16774	17720	18718	170765	20411	110521	12482
16784	17762	18755	17110	20446	110557	12483
16816	17918	18762	17112	20452	110593	12488
16835	17930	18764	171207	20471	110612	12493
16880	17966	18767	17150	20517	110785	12494
16912	18010	18769	17189	20538	110786	12495
16913	18041	18821	17260	20617	110787	12508
16918	18048	18828	17268	20618	110880	12509
170442	18104	18829	17281	20671	110891	12515
170460	18194	18830	17286	20672	110902	12517
170716	18295	18858	17289	20680	112406	12521
170719	18399	18979	17305	20692	112418	12522
170728	18400	18985	17313	207175	112694759	12523
170752	18408	19012	17349	20741	11303	12524
171095	18426	19025	17380	20742	11307	12527
17122	18478	19055	17388	20747	11308	12557
171486	18514	19073	17427	20775	114128	12576
171508	18519	19108	17536	207781	114255	12643
17155	18534	19128	17756	208076	11426	12695
17174	18537	19153	17762	20887	11433	12696
17175	18552	19159	17872	20910	114565	12768
17190	18553	192187	17873	209268	114570	12770
17194	18563	192190	17880	209456	114601	12771
17195	18573	19223	17888	20947	114615	12775
17281	18582	19263	17896	209837	114643	12778
17314	18604	19266	17897	211623	114664	12798
17329	18606	19267	17898	212111	114715	12802
17380	18624	192678	17901	213393	11477	12818
17388	18628	19273	17912	21349	11480	12902
17449	18631	19301	17965	21385	11482	12908
17475	18634	19347	17984	21386	114874	12916
17527	18642	19418	18003	21393	11488	12978
17775	18645	19699	18007	21412	114886	13124
17836	18703	19739	18008	21413	11489	13136
17837	18705	20167	18011	214137	11492	13137
17840	18762	20224	18018	21417	11496	13197
17841	18777	20230	18035	214547	11501	13209
17842	18816	20257	18080	214639	11502	13388
17843	18828	20272	18127	214968	11515	13400
17844	18946	20277	18128	215436	11535	13409
17874	18984	20278	18131	215707	11540	13490
17912	19012	20292	18132	216560	115486873	13492
17961	19045	20304	18162	216643	115488471	13537
17966	19049	20315	18186	21685	115489452	13587
17979	19099	20318	18218	21687	115489912	13609
17992	19123	20322	18293	216881	115489941	13610
18027	19164	20324	18295	21689	11555	13650
18028	19193	20343	18301	217012	11565	13653
18029	192136	20346	18590	217258	11576	13654
18032	192169	20347	18591	217410	11600	13655
18048	19218	20348	18595	21743	11605	13660
18081	192193	20349	18606	217835	11622	13733
18105	192201	20350	18611	21785	11629	13813
18113	19228	20355	18613	217887	11630	13823
18209	192653	20356	18626	21804	11641	13835
18212	19266	20404	18645	21808	11669	13849
18302	192678	20411	18647	21817	116732	13853
18400	19272	20452	18708	218194	11676	13857
18405	19293	20471	18718	21824	116848	13866
18406	192970	20538	18755	21833	116873	14026
18408	19299	20617	18760	21846	11689	14048
18416	19301	20618	18762	21859	11690	140482
18441	19305	20621	18764	218734	116904	140497
18519	19346	20657	18767	218739	117149	140571
18534	19349	20661	18769	218772	117150	14070
18553	193742	20671	18821	218877	117167	140742
18554	193813	20672	18828	21888	11717	140780
18569	19419	20678	18829	218952	11732	14085
18604	194974	20680	18830	21912	11746	14128
18606	19682	20692	18858	21916	117591	14131
18627	19683	20701	18979	219170	11785	14133
18631	19731	20703	18984	21922	11789	14168
18633	19775	20708	18985	219228	11796	14177
18634	19879	20715	19012	21924	11797	14191
18642	19883	207175	19025	21939	11798	14204
18703	20256	207181	19055	21940	11810	14218
18705	20278	20741	19062	22021	11816	14247
18770	20280	20742	19073	22038	11820	14256
18777	20315	20747	19108	22092	11828	14261
18815	20322	207781	19128	22094	11835	14263
18828	20338	208076	19153	22138	11838	14281
18844	20347	208154	19159	22142	11839	14293
18979	20363	208164	192187	22169	11841	142980
18984	20377	20846	19223	22268	11847	14325
19013	20420	20910	19252	22271	11852	14343
19049	20439	209456	19263	22329	11853	14357
19116	20449	20947	19266	22339	11855	14415
19123	20495	20977	19267	22341	11856	14425
19125	20497	209837	19347	22352	11861	14426
19128	20499	210044	19418	22364	11865	14469
19157	20500	210710	19645	22370	11883	14525
19193	20503	211623	19699	22371	11886	14537
192136	20505	212111	19725	223732	11905	14555
192188	20510	212307	19731	223864	11906	14561
192193	20517	212483	19739	22413	11910	14579
19266	20518	213019	19769	22416	11911	14586
19272	20520	213391	19876	224454	11937	14599
192986	20521	21349	20130	224796	11972	14605
19299	20526	213573	20230	225020	11975	14702
19301	20528	21380	20249	225341	11977	14710
19305	20533	21385	20257	225523	11980	14735
19349	20540	21386	20272	225608	11988	14784
19369	20541	21393	20276	225642	12000	14797
19370	20597	21412	20277	226265	12010	14860
194433	20618	21413	20278	226352	12014	14938
19682	20621	214137	20300	22637	12029	14960
19683	20655	21417	20304	226594	12042	14961
19699	20689	214547	20315	227753	12043	14963
19701	207151	214968	20318	22793	12044	14969
19733	207175	215280	20324	228550	12045	14991
19883	207215	215723	20343	228662	12050	14998
20181	207683	216505	20345	228778	12051	14999
20183	207806	216560	20346	228788	12053	15000
20193	208092	21685	20347	228801	12054	15001
20196	208647	21687	20349	229474	12111	15002
20208	20892	216874	20350	229595	12121	15007
20209	208922	216881	20355	229600	12142	15024
20211	209018	21689	20356	229603	12143	15043
20216	20913	217012	20361	230103	12145	15114
20219	20917	217124	20363	230379	12156	15163
20238	20930	217258	20393	231162	12161	15170
20249	209456	217333	20404	231532	12166	15199
20276	209558	217351	20452	231931	12182	15208
20280	209645	217410	20471	232016	12192	15212
20301	209692	21743	20533	233103	12193	15216
20315	210463	217430	20538	233335	12212	15242
20318	210530	217835	20617	233733	12224	15259
20322	211255	217887	20618	233744	12226	15273
20338	211347	217944	20623	234267	12227	15275
20411	211389	21804	20657	234356	12228	15368
20441	211739	21808	20661	234395	12229	15370
20443	211798	21814	20671	234564	12258	15446
20454	212307	218194	20672	234797	12259	15450
20503	212390	21824	20678	234915	12260	15468
20511	212647	21827	20680	235281	12262	15476
20517	212862	21833	20701	235527	12265	15484
20526	212933	21846	20703	237759	12266	15531
20583	212980	21859	20708	23797	12273	15902
20597	213498	218739	20715	23831	12290	15936
20678	213760	218772	20717	23871	12292	15939
20700	21390	218877	207175	23917	12295	15985
20714	21401	218952	207181	239435	12297	16000
20717	214048	21912	20742	23945	12298	16016
207683	21419	21916	20747	23962	12305	16019
207781	21428	219170	20775	240168	12322	16069
20787	21452	21922	207777	24051	12332	16071
20846	214579	219228	208076	240725	12334	16098
208659	214895	21924	208154	24099	12337	16142
208677	215445	21939	208164	241041	12354	16149
208846	215456	21940	20846	24110	12362	16154
20917	215707	22092	20887	241116	12363	16155
209183	215928	22094	20910	24136	12368	16159
209186	215929	22138	209456	241556	12369	16170
209558	215951	22142	20947	242553	12371	16186
20969	216225	22169	20970	242584	12385	16190
209692	216363	22268	20977	243374	12398	16192
209760	216440	22330	209837	243653	12399	16199
20979	21685	22339	210044	243755	12406	16205
210582	21687	22341	210710	243881	12418	16329
211389	217066	22364	211623	243912	12421	16337
211924	217203	22370	212111	244198	12443	16362
212167	217410	22371	212307	244608	12452	16363
212285	21743	223732	212483	244757	12455	16364
212531	217463	223864	213019	245049	12458	16391
212670	21763	224109	213391	245877	12475	16419
212862	217666	22413	213393	252972	12477	16451
212933	21767	22416	21349	260305	12478	16468
212974	217682	224454	21380	263406	12479	16476
212980	21814	224650	21385	26364	12481	16477
213056	21816	224703	21386	26432	12482	16478
213233	21859	224794	21393	26448	12483	16480
21355	21871	224796	21412	26561	12484	16490
21356	218734	225207	21413	268709	12489	16492
213649	218865	225341	214137	269016	12490	16495
21376	219181	225608	21417	269132	12491	16499
21386	219189	225642	214547	269209	12493	16513
214048	219228	225997	214639	26936	12494	16517
214290	21968	226041	214968	26950	12495	16518
214403	21987	226265	215280	269643	12505	16543
214424	22017	226352	215707	270091	12508	16553
21452	22063	22637	215723	270192	12512	16565
214597	22113	226594	215751	27205	12514	16578
215693	22134	22770	216725	27360	12515	16597
215929	22242	227753	21685	27660	12516	16598
216136	22245	228357	21687	29818	12517	16599
216227	22259	228550	216874	29820	12518	16600
216233	22276	228602	216881	29856	12520	16628
216440	22320	228778	21689	29876	12521	16633
216456	223332	228788	217012	30953	12522	16634
216558	223337	229474	217124	317757	12524	16635
21664	22337	229600	217258	319179	12557	16638
216831	223455	229603	217333	319180	12569	16639
21685	22349	229900	217410	319182	12575	16640
216871	22351	230103	21743	319183	12576	16641
216991	223631	230379	217430	319184	12577	16642
217140	223646	230673	217835	319186	12581	16658
217214	223665	230789	217887	319187	12608	16780
217258	22377	230857	21804	319387	12609	16792
217262	223776	231162	21808	319613	12628	16796
217316	224020	231633	21814	319710	12633	16801
21743	224647	231931	21817	320111	12651	16909
217463	224703	231986	218194	320398	12671	16922
21763	224796	232016	21824	320974	12695	16923
21767	225341	233103	21833	320981	12696	16952
217695	22598	233274	21844	327747	12700	16971
21788	22599	233280	21846	327954	12702	16988
21810	226243	233335	21858	328424	12703	16992
218103	226255	233733	21859	328949	12709	16994
21835	226527	233744	21872	329416	12727	170460
21871	226548	234267	218739	329831	12728	17059
218734	226646	234395	218772	330721	12747	17060
218772	226654	234564	218877	332934	12750	170676
218793	226971	234797	21888	353156	12753	170706
218865	226999	234915	218952	380683	12767	170716
21987	227154	235281	21912	380713	12768	170720
22017	22770	235442	219148	380842	12771	170741
22134	227731	235461	21916	381633	12774	170744
22214	227937	235527	219170	382077	12775	170772
22236	228061	236920	21922	407831	12778	170786
22241	228357	23792	219228	414801	12795	17079
22259	228852	23796	21924	434246	12799	170834
22262	229211	23797	21939	434756	12801	17086
223267	229487	23831	21940	434794	12802	17096
223337	229599	23833	22004	436022	12807	17101
22339	229663	238393	22022	436062	12810	171166
223455	229699	23871	22038	442801	12821	17118
22359	229782	239217	22092	50490	12835	171207
223631	229905	239435	22094	50525	12862	17132
223646	230099	23945	22138	50766	12874	171543
223649	230163	23962	22142	50876	12876	17155
223672	230558	240168	22169	52589	12890	17196
22377	230579	24051	22271	52685	12895	17210
223776	230612	240514	22287	53315	12902	17237
22413	230810	240725	22318	53318	12914	17259
22436	231050	24099	22319	53320	12916	17260
224530	231070	241041	223272	53328	12925	17289
224703	231296	24110	22330	53374	12927	17311
225020	231549	241116	22339	53376	12945	17386
225339	231583	24117	22341	53608	12952	17444
225341	231832	24136	22352	53614	12977	17470
225358	231876	241556	22359	53896	12978	17533
225362	232078	241732	22364	53901	12982	17872
225631	232086	242553	223649	54120	12983	17920
225651	232371	242584	22370	54195	12984	17936
225791	232430	242608	22371	54199	12986	17937
225884	232493	243362	223732	54338	13004	17961
226098	233038	243374	223864	54371	13010	17969
226105	233080	243653	22403	54396	13024	17970
226143	233315	243755	224109	54409	13026	17972
226243	233549	243881	22413	545007	13032	17974
22637	233799	243912	22416	54598	13036	17986
226418	233805	244091	224273	54725	13038	18003
226470	233836	244198	224454	55963	13040	18018
226548	234076	244608	224703	55983	13041	18021
22661	234267	244757	224794	56012	13048	18034
226654	234564	245877	224796	56045	13052	18035
226781	235043	246278	225020	56047	13057	18037
227154	235050	260305	225207	56175	13058	18119
227231	235135	26364	225341	56213	13136	18173
227393	235169	263803	225523	56226	13138	18405
227622	235283	26431	225608	56332	13142	18412
227696	235493	268709	225642	56376	13143	18426
22770	235527	268721	226041	56405	13196	18479
227731	235582	269016	226265	56429	13197	18514
22782	236149	269132	226352	56434	13198	18515
22784	236794	269209	22637	56448	13207	18546
228607	236798	26950	226594	56496	13209	18569
229228	236900	269643	226652	56508	13388	18578
229285	237320	270091	226744	56788	13400	18583
229517	237387	270192	227659	57257	13421	18604
229599	237542	27357	227753	57277	13492	18605
229782	23827	27360	227929	57349	13498	18613
230103	23831	27528	22793	57355	13508	18626
230558	238673	27660	228357	57435	13518	18636
230597	23882	29820	228550	57436	13522	18646
230696	23897	29869	228602	58185	13537	18687
230766	23923	317757	228662	58187	13548	18703
230779	239283	319179	228778	58200	13549	18708
230857	23945	319180	228788	58996	13590	18718
231070	23950	319182	228801	59006	13591	18719
231103	239606	319183	229474	59056	13609	18725
231238	23971	319184	229595	59093	13610	18726
231396	23972	319186	229600	59095	13619	18733
231510	23985	319317	229603	59289	13641	18751
231583	240168	319387	229900	59308	13642	18768
231691	24017	319613	230316	60322	13649	18783
231832	24047	319765	230379	60363	13650	18796
231903	240549	320024	230673	60596	13653	18807
231999	24067	320111	230726	64075	13654	18812
232146	240753	320365	230789	64082	13655	18987
232164	241303	320508	230904	64817	13660	19009
232232	241612	320661	231070	64929	13661	19016
232371	242509	320712	231147	64933	13666	19017
232430	242653	320736	231162	65256	13713	19024
232493	243755	320751	231633	65956	13714	19041
232533	244373	320974	231931	65962	13730	19057
232714	244421	320981	231986	66141	13733	19074
233016	244757	327747	232016	66158	13807	19094
233080	245297	328424	232023	66175	13813	19201
233328	245847	328949	232201	66353	13819	19214
233752	245945	329416	232431	66395	13831	192188
234199	246277	329831	233103	66402	13836	19223
234564	246691	330721	233274	66610	13848	19224
234673	246694	353156	233280	667370	13850	192285
234683	246700	380683	233335	66793	13852	19229
234854	246738	380713	233733	66797	13853	192292
234878	246787	380842	233744	66849	13860	19241
235043	252837	380916	234267	66859	13982	19248
235047	252864	381270	234356	66866	13998	19250
235293	26367	381633	234395	66873	14017	19264
235493	26371	382077	234564	66895	14025	19271
235674	26378	407831	234797	66930	14026	19274
237082	26379	414801	234915	67085	14048	192775
237320	26380	433801	235281	67122	140497	192950
237387	26381	434756	235527	67155	14055	19332
237781	26384	434794	235674	67198	140577	193385
23792	26399	436022	236920	67268	14062	19342
238130	26420	436062	237759	67416	14067	19344
239037	26433	442801	23792	67473	14071	19354
23923	26450	442827	23796	67622	140742	19401
239447	26458	50490	23797	67661	140780	19414
23945	266645	50525	23831	67689	140795	19419
23947	268566	50766	23833	677884	14086	195180
23972	268663	50780	238393	67866	14102	195646
23992	268709	50876	23849	67888	14123	195727
24017	268782	50918	23871	67916	14128	19645
240327	268860	50931	239027	67971	14129	19696
240549	26896	52150	239217	68024	14130	19697
24059	269132	52250	239368	68203	14132	19698
24060	269211	52357	239435	68262	14133	19703
24068	269344	52589	23945	68270	14159	19730
24071	269378	52637	23962	68311	14168	19735
240753	269423	52668	239743	68453	14190	20130
241274	26944	52685	240168	68458	14191	20148
241494	270076	52829	24051	68519	14198	20229
242362	270151	53312	24059	68520	14218	20230
243085	270166	53313	240725	68606	14219	20238
243382	270190	53320	24099	68625	14245	20249
243537	27045	53374	241041	68659	14247	20339
243881	27052	53376	24110	68753	14254	20354
243912	27057	53614	241116	68764	14255	20363
244152	27061	53896	24117	68870	14256	20403
244416	27096	53901	241303	68875	14260	20440
244595	271047	54120	24136	68922	14263	20442
246221	271711	54195	241556	68947	14268	20444
246278	27205	54199	241732	69065	14281	20469
246691	27219	54338	242553	69165	14282	20482
246738	272428	54371	242584	69183	14283	20491
252838	272589	54394	242608	69219	14284	20503
252876	27276	54396	243362	69310	14296	20512
252966	27356	54409	243374	69329	142980	20536
26363	27360	54598	243653	69387	14312	20541
26365	27361	54613	243755	69454	14325	20556
26367	27362	55932	243881	69479	14357	20568
26373	27376	55983	243912	69538	14366	20621
26378	27410	56045	243931	69550	14367	20648
26381	27883	56177	244058	69573	14368	20652
26419	279882	56213	244091	69903	14389	20660
26433	28169	56217	244198	69982	14411	20661
26456	28200	56229	244608	69987	14415	20678
26459	28295	56233	244757	70082	14457	20688
26464	29807	56332	245877	70113	14465	20713
264895	29811	56405	252972	70235	14468	20715
26557	29815	56429	260305	70337	14469	20719
268294	29864	56448	26358	70503	14528	207278
268534	29869	56504	26364	70717	14537	20728
268566	30045	56788	263803	70827	14538	207474
268756	30805	56812	268709	71233	14561	207742
26876	30931	57277	268977	71242	14567	207806
26877	30956	57349	26900	71313	14579	207818
268782	30962	57355	269016	71326	14584	20811
269378	319176	57435	269132	71436	14586	208154
269423	319179	58185	269209	71520	14590	208198
269823	319180	58200	269233	71529	14594	20821
269831	319182	58208	26936	71660	14598	208228
270076	319183	58242	26943	71683	14599	208449
270151	319184	58996	26950	71690	14605	20849
27057	319186	58998	269643	71703	14608	20852
27061	319187	59006	270091	71704	14645	208650
271278	319192	59056	270192	71706	14667	20868
27215	319263	59093	27205	71729	14674	208691
272428	319625	59289	27261	71738	14676	20871
272589	319800	59308	27355	71795	14680	20893
27276	319876	60322	27360	71827	14682	209047
27361	320256	60363	27403	71904	14702	209086
27364	320343	60596	27660	71908	14710	209131
27400	320415	63986	29818	72236	14711	209224
27409	320709	64082	29820	72361	14714	209446
27410	320981	64817	29856	72507	14723	20947
27413	328035	64898	29869	72630	14727	20963
27421	328258	64929	29876	72685	14728	20970
277010	329828	64933	30953	72865	14747	209760
277753	329909	65086	317757	72873	14748	210126
27883	329910	65256	319179	72948	14758	210293
280408	330428	65956	319180	73181	14773	210503
280662	330657	65962	319182	73301	14788	210710
28194	332942	66158	319183	73341	14815	210762
28199	333088	66175	319184	73721	14824	210982
28200	333331	66222	319186	74053	14825	211228
28250	338320	66273	319187	74116	14828	211305
28253	338403	66353	319317	74134	14853	211331
29864	338521	66383	319387	74144	14936	211389
29869	378462	66395	319613	74145	14939	211484
29873	380683	66402	319710	74230	14960	211666
30924	380924	66610	319765	74392	14961	212032
30931	380997	667370	320024	74519	14963	212085
30951	381259	66793	320111	74665	14964	212108
30956	381534	66797	320365	74761	14969	212111
317677	381629	66849	320398	74890	14972	212167
319184	382105	66859	320415	74895	14990	212285
319192	382117	66866	320508	75434	14991	212326
319263	384071	66873	320661	75465	14998	212555
319476	387524	66892	320712	75472	14999	212647
319513	394430	66895	320717	75495	15000	212943
319625	394432	66930	320736	75533	15001	212974
319638	396184	67085	320751	75556	15002	212980
319800	407243	67122	320974	75563	15007	213019
319848	407786	67155	320981	75564	15015	213027
320191	414105	67198	327747	75568	15018	213068
320204	432732	67268	327954	75599	15024	213439
320211	433323	67298	328424	75600	15039	21353
320323	433667	67306	328734	75687	15040	213570
320405	433766	67416	328949	75784	15042	213684
320541	434197	67622	329416	76293	15114	21389
320727	434203	67661	329831	76411	15162	21391
320770	434674	67689	330721	76477	15170	213980
320940	442801	677884	347722	76484	15199	213988
321018	50490	67866	353156	76507	15205	21401
327956	50753	67888	353187	76668	15211	21416
329575	50799	67905	380683	76722	15212	21425
329828	50934	67916	380713	76820	15213	214290
329910	51813	67938	380842	76884	15223	214359
330319	52014	67971	380916	76895	15248	214424
330938	52076	68024	381270	76933	15258	21452
331535	52466	68027	381633	76954	15273	214854
338365	52538	68041	382077	76969	15284	214968
338366	52585	68169	382985	76976	15360	215095
352968	52633	68203	407786	77446	15368	215243
353170	52637	68262	407831	77579	15370	215280
353187	52670	68270	414801	77609	15375	215303
353282	52685	68311	433801	77717	15400	215332
378425	52690	68337	434246	77889	15402	215418
380712	52815	68420	434756	77976	15404	215449
380780	52829	68427	434794	78248	15412	215493
380997	53374	68453	436022	78416	15423	215632
380998	53376	68458	436062	78465	15442	215653
381110	53419	68520	442801	78977	15446	215690
381246	53422	68525	442827	80837	15450	215693
381356	53602	68606	50490	80876	15465	215748
381530	53614	68616	50525	80880	15468	215999
381531	53618	68625	50766	81600	15476	216080
381629	53972	68659	50780	81877	15478	216198
381806	54140	68728	50781	83397	15483	216344
381820	54151	68753	50876	83436	15484	216441
382044	54381	68764	50931	83679	15493	21652
382051	54447	68870	51801	83921	15511	216527
382053	54473	68875	52150	84004	15512	21673
383295	544963	68922	52250	84094	15531	216799
385643	54634	68939	52357	84506	15572	21682
394430	54683	68947	52589	93691	15894	216848
394434	54720	69094	52637	93694	15900	216859
394435	54722	69165	52685	93732	15901	216892
394436	55927	69183	52829	94214	15902	216984
404195	55938	69274	53315	94249	15931	217030
407789	55983	69310	53318	94281	15932	217124
414105	56012	69329	53320	98496	15936	217262
433375	56018	69387	53328	98660	15937	217306
433752	56046	69454	53374	98878	15939	217356
433904	56078	69524	53376	99031	15944	21753
433943	56089	69538	53420		15945	21754
434083	56185	69590	53612		15950	217684
434197	56213	69816	53614		15951	21769
434204	56215	69903	53857		15957	217826
434402	56315	69982	53896		15959	217835
434674	56336	69987	53901		15975	21813
435565	56357	70082	54120		15978	21817
50490	56358	70110	54195		15980	21819
50500	56367	70113	54199		15982	218203
50702	56368	70510	54338		15985	218215
50758	56373	70717	54354		16019	218311
50765	56379	70785	54368		16069	21834
50799	56398	70827	54371		16071	218518
50880	56445	71063	54394		16098	218695
50908	56448	71233	54396		16142	218699
51811	56468	71242	54409		16145	218793
51813	56473	71326	545007		16147	21888
51875	56485	71436	54598		16149	21897
52076	56494	71520	546546		16153	21898
52466	56535	71529	54725		16154	219094
52538	56690	71660	55932		16155	219105
52585	56700	71673	55963		16157	219148
52633	56717	71684	55983		16159	21929
52639	56727	71703	56012		16164	21935
52670	56736	71704	56045		16169	21936
52815	56786	71706	56047		16170	21939
52829	56838	71729	56175		16172	21946
53328	57319	71738	56177		16173	21981
53412	57344	71827	56193		16175	22033
53415	57394	72236	56213		16176	22038
53791	57440	72310	56217		16178	22041
53972	57443	72630	56233		16181	22110
54135	57740	72685	56278		16184	22153
54140	57742	72865	56312		16190	22214
54150	57764	72873	56325		16192	22248
54326	58176	72930	56332		16194	22318
54357	58185	72948	56405		16197	22323
54381	58187	73301	56429		16205	22325
54418	58208	73341	56430		16210	22329
54447	58210	73390	56448		16322	223332
544963	58245	73721	56504		16329	22344
545288	58799	74013	56743		16331	223701
545366	58810	74116	56788		16337	22371
54608	58866	74121	56812		16348	223753
546143	58875	74144	57277		16362	22378
54634	58998	74230	57319		16363	22379
54636	59010	74392	57349		16364	22409
54683	59020	74453	57355		16365	224224
54710	59038	74665	57435		16391	22441
55927	59048	74761	57436		16396	224598
55946	60455	74895	57764		16400	224840
56017	60525	75434	58185		16402	224860
56043	60527	75465	58187		16407	224912
56048	60533	75472	58194		16409	224938
56078	622404	75495	58242		16411	225020
56175	626870	75533	58996		16428	225028
56188	631037	75556	58998		16438	225266
56219	632778	75563	59006		16439	225523
56295	63828	75564	59056		16440	225609
56297	63873	75568	59093		16449	225638
56316	64291	75599	59095		16451	225845
56358	64293	75687	59289		16452	225849
56369	64297	75689	59308		16476	225922
56373	64406	75695	60322		16477	226075
56388	64918	75784	60344		16478	226101
56398	65086	76293	60363		16480	226122
56428	65113	76477	60533		16490	22625
56441	654812	76507	60596		16495	226251
56448	65969	76668	63986		16500	22670
56473	66052	76722	64082		16502	22678
56490	66105	76820	64817		16504	22690
56494	66114	76884	64898		16506	22695
56508	66116	76895	64929		16512	227091
56535	66153	76933	64933		16513	227094
56541	66179	76954	65086		16517	227120
56629	66214	76964	65256		16529	227154
56720	66259	76976	65956		16541	22724
56791	66273	77446	65962		16542	227326
56794	66329	77609	66102		16543	22751
56812	66333	77717	66141		16548	227612
56876	66346	77889	66158		16553	227671
57279	66388	77976	66175		16565	227693
57342	66397	78248	66234		16570	227753
57429	66451	78408	66273		16578	22780
57436	66469	78416	66353		16581	227929
57439	664862	78465	66383		16582	22793
57440	66496	78560	66395		16590	228140
57443	664994	78787	66402		16594	228357
57742	66510	78977	66569		16597	228852
58170	66522	79235	66610		16598	229003
58176	66552	80290	667370		16599	229055
58239	666009	80837	66793		16600	229323
58799	666048	80880	66797		16601	229445
58805	66616	81600	667977		16612	229499
58809	666168	81703	66849		16619	229534
58866	66650	81877	66859		16627	229541
58992	66725	83397	66866		16628	229615
58998	66753	83558	66873		16633	229898
59010	66790	83921	66892		16635	230073
59030	66795	84004	66895		16638	230088
59083	668253	84094	66930		16639	230257
60525	66841	84506	66938		16640	230451
619326	66847	84652	67085		16641	230514
619973	66849	93694	67102		16642	230594
620807	66859	94214	67122		16643	230738
622307	66887	94249	67155		16651	230761
622402	66901	94281	67198		16658	230787
622404	66904	98660	67268		16728	231125
622434	66948	98878	67374		16780	231532
624219	66970	99031	67416		16790	231637
625018	66990		67468		16835	231805
634650	66998		67495		16848	231834
63828	67041		67580		16854	231931
63959	67043		67622		16880	231932
64008	67046		67661		16890	231986
640530	67092		67689		16891	232065
64291	67131		67742		16905	232201
64385	67155		677884		16918	232210
64406	67171		67808		16922	232227
64697	67198		67866		16923	232288
64898	67210		67888		16952	232333
65116	67283		67905		16963	232408
65956	67345		67916		16969	232413
66107	67419		67938		16985	232430
66113	67420		67946		16988	232599
66116	67432		67971		16992	232685
66129	67442		68024		16994	232801
66184	67452		68027		16997	232941
66206	67460		68041		17000	232943
66255	67473		68169		17005	232984
66259	67474		68203		17060	233079
66268	67547		68262		170625	233080
66270	67579		68270		17068	233081
66277	67602		68311		170706	233781
66291	67623		68420		170716	233890
66325	67636		68453		170733	233895
66358	67680		68458		170740	234353
66397	67713		68519		170742	234796
66425	67723		68520		170743	234797
66427	67732		68606		170744	234836
66438	67758		68616		170752	235416
66469	67800		68625		170757	235461
664799	67826		68659		170770	235493
66496	67830		68682		170772	235582
664994	67861		68713		170776	235587
66536	67863		68728		170779	235952
66540	67876		68753		170786	236047
66552	67880		68764		17079	236312
66599	67887		68870		170829	236451
66603	67892		68875		170834	236573
66612	67893		68922		17084	236727
666168	67894		68939		17086	236915
66627	67914		68947		17095	237029
66734	67938		69065		17096	237256
66753	67974		69068		17101	237339
66795	67993		69094		17105	237459
668047	68027		69165		17110	237611
668253	68055		69169		17117	237759
66847	68059		69183		171171	237890
66885	68070		69219		17118	237898
66895	68090		69274		17119	23797
66901	68097		69329		171207	23801
66904	68098		69387		171210	238317
66940	68112		69454		17122	23833
66943	68126		69479		171283	238333
66948	68151		69524		171285	238412
66972	68178		69573		17131	238418
66990	68226		69698		17132	238427
67042	68241		69816		17133	238447
67043	68263		69903		17135	238448
67072	68311		69982		171504	23849
67102	68314		69987		171508	23859
67125	68344		70082		171543	23871
67131	68347		70110		17155	23882
67155	68348		70113		17167	238871
67171	68352		70235		17210	239081
67226	68371		70450		17221	23912
67247	68396		70510		17228	23936
67432	68416		70717		17237	239556
67442	68440		70719		17258	23969
67452	68472		70747		17260	239845
67460	68526		70784		17261	23994
67468	68631		70785		17268	240034
67469	68636		70827		17289	240120
67470	68671		71233		17295	240168
67475	68680		71326		17301	240261
67477	68738		71436		17312	240283
67512	68755		71520		17341	240354
67528	68775		71529		17342	240411
67608	68777		71660		17346	240427
67623	68842		71690		17349	24055
67636	69046		71703		17355	240590
67664	69090		71704		17356	24064
67701	69123		71706		17381	240667
67732	69129		71729		17385	240726
67758	69134		71738		17387	240754
67815	69227		71795		17388	24083
67838	69276		71827		17395	240869
67844	69288		71860		17470	240873
67867	69358		71865		17472	241062
67876	69379		71904		17474	24108
67880	69386		71908		17476	241230
67894	69454		72236		17533	241794
67912	69574		72278		17537	242248
67916	69698		72293		17540	242570
67923	69742		72630		17684	242584
67939	69754		72685		17691	242662
67974	69824		72865		17769	243371
67976	69865		72873		17772	243374
67993	69993		72948		17829	243420
68041	70004		72972		17857	243423
68054	70008		73301		17858	243428
68059	70059		73341		17869	243431
68090	70129		73385		17872	243433
68097	70209		73390		17873	243439
68098	70316		73721		17896	243451
68126	70355		74013		17912	243453
68161	70456		74053		17913	243461
68180	70484		74096		17921	243655
68195	70494		74116		17939	243725
68255	70495		74121		17948	243813
68312	70503		74134		17951	243910
68314	70510		74144		17952	243958
68338	70549		74153		17957	243961
68352	70551		74230		17965	244091
68364	70652		74257		17966	244144
68371	70757		74392		17969	244183
68396	70772		74558		17970	244209
68404	70827		74665		17972	244418
68440	70979		74685		17977	244668
68444	70984		74761		17979	244891
68465	71279		74868		17996	245007
68469	71306		74895		18003	245446
68472	71382		75434		18007	245536
68473	71538		75465		18011	246256
68526	71562		75472		18015	246709
68591	71564		75495		18018	252974
68607	71661		75533		18030	258051
68631	71664		75556		18034	258503
68728	71670		75563		18035	258505
68755	71685		75564		18037	258507
68777	71706		75568		18053	258508
68817	71707		75599		18073	258600
68818	71733		75600		18081	258659
68832	71743		75687		18106	258693
68842	71755		75689		18109	258753
68861	71764		75695		18124	258831
68910	71777		75750		18128	258835
68922	71853		75784		18129	259301
68929	71862		75991		18131	26362
68938	71900		76073		18143	26364
69020	71904		76293		18145	26377
69053	71911		76411		18163	26395
69068	71973		76438		18173	26401
69129	71985		76477		18186	26408
69134	71998		76484		18190	26410
69142	72002		76507		18213	26412
69146	72039		76668		18218	26464
69187	72040		76722		18222	264895
69202	72269		76820		18227	268288
69215	72273		76884		18330	268512
69288	72399		76895		18378	268721
69352	72433		76933		18406	268747
69379	72503		76954		18412	268752
69536	72621		76964		18438	268759
69574	72685		76969		18479	26888
69638	72747		77446		18507	269023
69772	72748		77579		18514	26903
69786	72899		77590		18516	26904
69809	72972		77609		18546	269344
69834	73095		77717		18550	269346
69861	73102		77889		18574	269356
69863	73132		77976		18578	26972
69865	73176		78248		18583	269799
69993	73453		78408		18600	270035
70024	73652		78416		18604	27007
70061	73724		78465		18611	270084
70113	74008		78560		18613	270118
70155	74020		78787		18626	270160
70337	74088		78977		18636	270163
70484	74129		79235		18640	270198
70503	74143		80281		18645	270201
70524	74147		80290		18646	27027
70693	74155		80837		18647	27029
70726	74156		80859		18671	27056
70772	74182		80880		18679	27083
70789	74183		81600		18703	271221
70984	74309		81703		18704	27218
71145	74318		81877		18706	272382
71302	74320		83397		18707	27274
71361	74325		83558		18708	27278
71373	74338		83679		18711	27360
71519	74340		83921		18712	27375
71538	74440		84004		18715	27387
71562	74478		84035		18718	27399
71564	74577		84094		18719	27405
71648	74580		84506		18725	278180
71660	74769		84652		18726	28169
71661	74770		93674		18733	28240
71664	75007		93691		18739	286942
71670	75104		93694		18751	29809
71703	75396		94214		18752	29815
71706	75400		94249		18753	29869
71724	75512		94281		18754	30838
71743	75552		98496		18762	30928
71753	75578		98660		18763	30936
71754	75600		98878		18768	30938
71755	75734		99031		18769	30948
71756	75735		99412		18782	30955
71760	75785		99543		18783	317757
71761	75909				18791	317758
71773	76000				18792	319236
71774	76051				18793	319387
71775	76187				18796	319535
71779	76252				18806	319638
71830	76253				18816	319707
71839	76260				18823	319710
71853	76263				18830	319711
71898	76279				18854	319816
71900	76299				18952	319829
71904	76432				18985	319832
71907	76459				18987	319880
71911	76467				18991	319997
71918	76491				19009	320007
71956	76560				19017	320022
71973	76574				19024	320080
71985	76654				19041	320127
72040	76884				19057	320170
72058	76897				19073	320181
72090	76939				19094	320253
72094	76974				19099	320292
72175	76987				19108	320297
72287	77006				19122	320360
72333	77031				19124	320365
72361	77219				19128	320400
72399	77422				19130	320404
72429	77462				19141	320406
72502	77522				19142	320407
72747	77583				19156	320484
72748	77733				19157	320489
72999	77970				19158	320556
73102	77975				19201	320560
73132	77996				19204	320635
73652	78038				19216	320637
73737	78232				19219	320705
74008	78330				192195	320736
74018	78709				192231	320761
74032	78785				19224	320782
74129	78894				19225	320791
74147	78914				192285	320802
74152	79196				19229	320804
74155	80385				192292	320908
74156	80517				19243	320923
74159	80721				19245	320942
74182	80911				19248	320977
74318	81003				19252	321019
74519	81535				19260	327766
74552	81799				19261	327987
74763	81907				19264	328329
74764	83429				192652	328381
75099	83431				192656	328417
75178	83679				192657	328748
75259	83924				192678	328833
75292	83965				19271	329154
75462	84092				192734	329207
75475	84112				19277	329253
75540	84704				192786	329639
75541	93673				192950	329693
75578	93674				192976	330217
75599	93732				19309	330256
75731	93734				19329	330463
75735	93834				19332	330483
75761	93897				19338	330577
75785	93961				193385	331524
75863	94185				19344	332713
75909	94224				19347	332993
76051	94282				193670	333669
76108	94284				193740	338523
76184	97820				193796	353047
76187	98256				19395	353342
76257	98952				19401	353502
76263	99031				19414	368204
76279	99586				19416	380612
76282	99887				19418	380629
76408					19419	380686
76425					194401	380714
76429					194655	380795
76432					195018	380797
76467					195434	380808
76574					195531	380809
76608					195727	380823
76650					19645	380824
76654					19651	380912
76824					19693	380928
76893					19696	381091
76905					19697	381232
76916					19698	381310
76971					19726	381484
76974					19727	381549
77037					19730	381634
77090					19731	381651
77583					19734	381654
77596					19735	381776
77609					19736	381778
77996					19775	381782
78308					19820	381783
78779					19876	381784
78785					19883	381831
78894					19889	381924
78925					20128	382620
78934					20130	382692
78943					20167	382695
79235					20181	382696
79554					20193	383295
80290					20195	383766
80708					20198	384410
80861					20215	384411
80888					20229	384417
80911					20230	384419
81013					20238	384514
81500					20249	384515
83702					20276	384783
83961					20288	385109
84112					20296	385120
85031					20302	385253
89867					20303	385674
93671					20304	387285
93673					20305	387609
93674					20308	404711
93694					20310	404737
93734					20312	407786
93757					20317	407788
94040					20343	407823
94175					20347	407831
94179					20352	408059
94226					20359	408065
94282					20360	414076
94284					20361	414098
96875					20363	414125
96935					20371	432562
96957					20375	432615
97820					20384	432702
97998					20393	432708
98256					20394	432731
98496					20397	432860
98952					20403	433107
99586					20409	433374
					20410	433384
					20430	433586
					20437	433632
					20439	433700
					20440	434024
					20442	434025
					20447	434028
					20449	434031
					20454	434036
					20469	434039
					20481	434040
					20482	434041
					20491	434197
					20493	434218
					20503	434609
					20505	434768
					20521	434794
					20522	435145
					20525	435321
					20530	435328
					20532	435900
					20536	442802
					20541	474145
					20544	474156
					20556	503550
					20597	503610
					20612	50498
					20613	50523
					20620	50723
					20621	50780
					20623	50791
					20648	50875
					20649	50878
					20660	50931
					20661	51791
					20681	52065
					20684	52357
					20688	52440
					20708	52468
					20713	52570
					20715	52585
					20716	52609
					207278	52614
					20728	53310
					207474	53374
					207728	53416
					207785	53417
					20779	53604
					207798	53620
					207806	53859
					207818	53945
					208104	53978
					20811	54137
					208117	54368
					208154	54381
					20821	54393
					208213	54396
					208263	54397
					208285	54445
					208440	54446
					208449	54447
					20846	544848
					20847	54486
					20849	544896
					20855	545156
					208647	545378
					20866	545384
					20868	545486
					208768	545812
					208777	545847
					208795	545848
					208908	545849
					208922	545850
					20893	545851
					209039	54598
					209047	54608
					20907	54609
					209086	54613
					20912	54614
					209131	546213
					20918	546244
					209212	54630
					209225	54645
					209446	547347
					209456	547431
					20947	553127
					209478	55932
					20963	55936
					209630	55942
					209683	55948
					20971	56018
					210029	56045
					210126	56048
					210145	56050
					210146	56055
					210293	56193
					210503	56219
					210573	56323
					210710	56338
					210789	56379
					210808	56380
					210973	56405
					210982	56458
					210992	56460
					211135	56468
					211228	56486
					211255	56490
					211329	56504
					211331	56508
					211378	56612
					211401	56620
					211484	56690
					211550	56708
					211666	56715
					211914	56720
					211945	56726
					212032	56753
					212111	56760
					212167	56792
					212168	56807
					212285	56812
					212326	56857
					212398	57257
					212555	57349
					212632	574418
					212706	574437
					212898	57738
					212937	57757
					212980	57765
					213002	57813
					213006	57908
					213019	57914
					213027	57916
					213068	58179
					213389	58194
					213391	58205
					213438	58222
					213439	58226
					21345	58239
					213452	58240
					213498	58243
					21353	58860
					21354	59043
					21356	59044
					213570	59049
					213684	59079
					21375	59090
					21385	59093
					21389	59289
					213956	60504
					213980	60533
					213988	60611
					213993	619308
					21413	619309
					214137	619833
					21416	619846
					21425	619886
					21426	619916
					214290	619960
					214359	619994
					214459	620017
					21452	620050
					214742	620126
					214854	620191
					214855	620400
					214944	621080
					214968	622070
					21507	622208
					215090	622304
					215114	622554
					215418	622675
					215449	622728
					215458	622976
					215493	624681
					215632	626347
					215653	626583
					215690	626693
					215693	627081
					215748	628004
					215789	628027
					21580	628072
					216080	628127
					216152	628144
					216161	628268
					216198	628541
					216233	628571
					216363	628614
					216438	628664
					216441	628919
					216505	629059
					216516	629818
					21652	629822
					216527	629826
					216565	629833
					216724	629842
					216742	629845
					216799	629849
					216805	629859
					216810	629860
					216850	629865
					216864	629871
					216874	629884
					216892	629893
					216965	629897
					216984	629906
					216991	629908
					217030	629915
					217082	629925
					217124	630486
					217151	630836
					217154	632126
					217194	632654
					217262	633457
					217265	633568
					217303	634386
					217304	636260
					217305	636462
					217310	637227
					217344	637515
					217356	638605
					217410	639281
					217463	63953
					21754	639658
					217648	640046
					217684	64009
					21769	64011
					217826	640340
					217835	640506
					217866	640524
					217944	641178
					21804	641454
					21807	64176
					21809	64214
					21810	64295
					21812	64380
					21813	64435
					21815	64933
					21816	65112
					21817	65256
					218203	65960
					218232	66090
					21824	66136
					21830	66151
					218311	66158
					218441	66205
					21847	66206
					21848	66253
					218503	66270
					218613	66277
					218630	66321
					218699	66369
					218793	66469
					218820	66496
					218850	665113
					21888	66522
					21897	665989
					21898	666048
					21899	66610
					219024	66616
					219060	666266
					219094	666794
					219131	666907
					219132	666926
					219148	667106
					21926	66725
					21928	667281
					21929	66734
					21933	667435
					21934	667550
					21935	66760
					21936	667683
					21939	667823
					21944	667865
					21949	667881
					21950	667899
					21953	667914
					21957	667924
					21981	667928
					21985	667940
					22029	667977
					22031	668101
					22033	668166
					22038	668218
					22040	668310
					22057	66838
					22134	668389
					22144	668421
					22151	668438
					22153	668469
					22158	66847
					22160	668474
					22163	668478
					22177	668497
					22183	668517
					22190	668549
					22214	66857
					22217	668589
					22234	66859
					22248	668591
					22259	668597
					22289	668894
					22317	66895
					22318	66922
					22323	66940
					22325	66961
					22329	66990
					22339	66995
					223433	67017
					223435	670358
					22344	670558
					223453	67086
					22354	67092
					22364	67117
					223658	67171
					223697	67213
					223701	67220
					22371	67263
					223739	672763
					223752	67283
					223753	67305
					22377	67393
					223775	67399
					223776	67416
					22378	67425
					22379	67426
					223827	67474
					223881	67475
					22393	67579
					223989	67588
					224014	67596
					224093	67621
					22410	67647
					224132	67652
					22415	67732
					224224	67742
					224273	67759
					224344	67765
					22445	67771
					22446	677858
					224640	67803
					224794	67856
					224796	67861
					224840	67865
					224860	67893
					224912	67905
					225028	67916
					225049	67946
					225055	68146
					225207	68151
					225266	68161
					225358	68190
					225523	68235
					225609	68393
					225638	68400
					225845	68441
					225849	68480
					225888	68487
					225912	68552
					225994	68556
					226016	68635
					226089	68697
					226101	68728
					226178	68778
					226251	68841
					226255	68867
					22626	68895
					226304	69004
					22634	69069
					226421	69169
					22644	69187
					226442	69188
					226525	692152
					226551	692165
					226641	692169
					226691	692182
					22670	692187
					226777	692245
					22678	69226
					22682	69234
					226841	69391
					22690	69479
					22695	69543
					226971	69548
					227120	69595
					22724	69596
					227326	69640
					227327	69674
					227333	69698
					227446	69710
					22751	69743
					227541	69745
					227659	69780
					22771	69810
					227731	69834
					227737	69863
					227753	70028
					22781	70031
					22782	70059
					227835	70097
					22785	70135
					227867	70143
					227929	70165
					22793	70227
					227960	70261
					228140	70314
					228355	70354
					228413	70355
					228543	70425
					228545	70484
					228602	70510
					228662	70552
					228765	70561
					228836	70564
					228839	70686
					228852	70691
					228966	70713
					229003	70719
					229055	70762
					229323	70785
					229445	70789
					229473	70844
					229488	70859
					229499	71063
					229534	71080
					229541	71091
					229599	71198
					229600	71233
					229615	71251
					229694	71275
					229776	71302
					229898	71310
					229900	71313
					230073	71371
					230088	71375
					230101	71520
					230103	71562
					230143	71602
					230259	71607
					230316	71624
					230594	71648
					230661	71699
					230738	71704
					230784	71706
					230787	71791
					230789	71839
					230793	71870
					230895	71872
					230936	71877
					230979	71918
					231004	71923
					231050	71929
					231051	71934
					231070	71946
					231147	71951
					231207	71962
					231238	72000
					231287	72042
					231440	72049
					231470	72065
					231503	72121
					231510	72123
					231532	72128
					231603	72131
					231637	72282
					231646	72289
					231655	72386
					231668	72393
					231712	724035
					231798	72404
					231803	72518
					231832	72536
					231834	72661
					231842	72713
					231861	72807
					231876	72823
					231931	72828
					231932	72925
					232023	73229
					232035	73241
					232065	73333
					232201	73340
					232227	73363
					232286	73368
					232288	73377
					232334	73457
					232341	73523
					232408	73571
					232413	73582
					232414	73585
					232430	73713
					232431	73723
					232533	73728
					232685	73737
					232784	73750
					232854	73793
					232875	73827
					232906	73899
					232984	73910
					233011	73914
					233016	73998
					233033	74008
					233038	74013
					233046	74032
					233079	74071
					233081	74091
					233103	74096
					233199	74103
					233274	74105
					233315	74117
					233328	74137
					233410	74147
					233532	74153
					233571	74155
					233781	74229
					233806	74234
					233890	74296
					233895	74337
					234135	74343
					234214	74403
					234267	74420
					234311	74478
					234353	74480
					234362	74491
					234515	74580
					234683	74644
					234779	74661
					234796	74760
					234836	74764
					234967	74901
					235044	74931
					235380	75007
					235386	75075
					235416	75104
					235461	75172
					235493	75234
					235527	75255
					235542	75258
					235599	75263
					235626	75320
					235952	75379
					236047	75505
					236312	75538
					236451	75547
					236546	75552
					236573	75555
					236727	75580
					236790	75605
					236915	75657
					236920	75669
					237256	75712
					237360	75744
					237611	75747
					237759	75785
					237782	75793
					237860	75802
					237898	75856
					23792	75871
					23797	75876
					238130	75914
					238247	75915
					238276	75974
					238317	75985
					23832	76000
					23833	76017
					238330	76051
					238333	76137
					238386	76223
					238393	76263
					238405	76402
					238427	76408
					238447	76432
					23845	76448
					23849	76477
					23871	76497
					238803	76566
					23882	76624
					23886	76679
					23887	76681
					238871	76820
					238875	76901
					23890	76969
					239027	77001
					239102	77037
					23912	77128
					239122	77417
					23921	77446
					239217	77558
					239319	77578
					23936	77727
					23939	777654
					23945	777656
					23948	77767
					239510	777686
					239552	777688
					239556	77772
					239606	777780
					23961	77805
					23966	77820
					239667	77827
					23969	77866
					23970	77867
					239719	77889
					239739	77963
					239845	77974
					23992	78027
					239985	78050
					24001	780792
					240041	780794
					240047	780799
					24014	780801
					240168	780802
					24017	780803
					240185	780818
					240261	780825
					240263	780829
					240283	780831
					240354	780864
					240396	780865
					240411	780883
					240427	780884
					24055	780891
					24056	780929
					24057	780931
					24066	780932
					240672	780938
					240726	780939
					24074	780956
					240752	780960
					240754	78167
					24083	78252
					240869	78255
					24088	78329
					240888	78334
					241062	78435
					241075	78445
					24108	78617
					24109	78618
					24110	78749
					241128	78751
					241197	78771
					241230	78773
					241274	791329
					241296	791342
					241308	79196
					24136	79221
					241452	79560
					241489	80287
					241576	80297
					241638	80515
					241794	80794
					242125	80859
					242202	80885
					242248	80981
					242362	81897
					242409	83382
					242523	83408
					242557	83436
					242594	83490
					242662	83672
					242667	83691
					242691	93671
					242736	93672
					242860	93675
					242960	93691
					243277	93709
					243328	93710
					243369	93711
					243374	93736
					243385	93871
					243420	93876
					243428	94089
					243431	94094
					243433	94246
					243439	94280
					243451	94353
					243461	98267
					243547	98365
					243655	98432
					243659	98878
					243725	98952
					243813	99512
					243842	
					243910	
					243931	
					243958	
					243961	
					244049	
					244059	
					244144	
					244183	
					244202	
					244209	
					244349	
					244418	
					244650	
					244667	
					244668	
					244871	
					244891	
					244895	
					245026	
					245050	
					245240	
					245368	
					245469	
					245536	
					245607	
					245638	
					245643	
					245666	
					245857	
					245867	
					245944	
					245945	
					246103	
					246154	
					246198	
					246278	
					246707	
					246709	
					246710	
					246730	
					246746	
					252966	
					252974	
					257632	
					257909	
					258086	
					258104	
					258184	
					258215	
					258283	
					258380	
					258432	
					258461	
					258502	
					258508	
					258571	
					258608	
					258621	
					258643	
					258712	
					258908	
					258917	
					258939	
					258944	
					258994	
					259002	
					259058	
					259277	
					259300	
					259302	
					263406	
					26362	
					26364	
					26365	
					26367	
					26372	
					26377	
					26381	
					26382	
					263876	
					26390	
					26395	
					26401	
					26405	
					26406	
					26408	
					26410	
					26412	
					26439	
					264895	
					26558	
					26569	
					266614	
					268288	
					268291	
					268301	
					268396	
					268451	
					268481	
					268512	
					268721	
					26874	
					268747	
					268749	
					268752	
					268759	
					268783	
					26879	
					26888	
					26889	
					268936	
					268973	
					269023	
					26904	
					269180	
					269181	
					269198	
					269344	
					269346	
					269356	
					269397	
					26943	
					269473	
					269514	
					269529	
					269585	
					269604	
					269629	
					269630	
					269633	
					269642	
					269713	
					269717	
					269878	
					269941	
					269997	
					270035	
					27007	
					27008	
					270084	
					270110	
					270118	
					270152	
					270160	
					270185	
					270198	
					270201	
					27029	
					27049	
					27052	
					27056	
					271005	
					27103	
					271221	
					27218	
					27226	
					272382	
					27261	
					27278	
					27279	
					27356	
					27362	
					27373	
					27387	
					27399	
					27403	
					27404	
					27405	
					27410	
					27493	
					27494	
					276891	
					276905	
					276950	
					277250	
					277360	
					277414	
					278097	
					278279	
					278795	
					279572	
					28146	
					28240	
					29809	
					29813	
					29815	
					29816	
					29819	
					29863	
					29864	
					29869	
					29873	
					29876	
					29877	
					30046	
					30054	
					30843	
					30924	
					30928	
					30935	
					30937	
					30938	
					30940	
					30943	
					30944	
					30945	
					30948	
					30951	
					30957	
					30959	
					317757	
					319197	
					319262	
					319263	
					319352	
					319387	
					319448	
					319477	
					319493	
					319520	
					319565	
					319622	
					319670	
					319685	
					319734	
					319804	
					319817	
					319849	
					319876	
					319880	
					319899	
					319916	
					319924	
					319939	
					319953	
					319997	
					320022	
					320046	
					320080	
					320129	
					320172	
					320181	
					320207	
					320253	
					320271	
					320292	
					320299	
					320302	
					320312	
					320351	
					320365	
					320377	
					320404	
					320407	
					320472	
					320479	
					320484	
					320489	
					320556	
					320560	
					320563	
					320615	
					320678	
					320706	
					320731	
					320736	
					320747	
					320761	
					320770	
					320782	
					320790	
					320795	
					320800	
					320802	
					320808	
					320811	
					320832	
					320844	
					320898	
					320908	
					320916	
					320950	
					320982	
					321014	
					321019	
					327655	
					327744	
					327766	
					327826	
					327957	
					327959	
					327978	
					328108	
					328232	
					328314	
					328329	
					328381	
					328417	
					328424	
					328483	
					328572	
					328829	
					328830	
					328833	
					328967	
					329002	
					329154	
					329260	
					329278	
					329416	
					329562	
					329650	
					329693	
					329730	
					329731	
					329910	
					329934	
					330192	
					330401	
					330409	
					330483	
					330657	
					330662	
					330723	
					330812	
					330902	
					330914	
					331474	
					332175	
					333050	
					333669	
					338349	
					338362	
					338365	
					338372	
					338523	
					353047	
					353187	
					353282	
					353310	
					353342	
					353346	
					360013	
					360216	
					373864	
					378435	
					380612	
					380629	
					380664	
					380686	
					380698	
					380712	
					380714	
					380728	
					380795	
					380797	
					380823	
					380824	
					380855	
					380916	
					380921	
					380928	
					381232	
					381236	
					381269	
					381287	
					381305	
					381308	
					381319	
					381417	
					381484	
					381489	
					381549	
					381634	
					381651	
					381668	
					381678	
					381680	
					381693	
					381776	
					381777	
					381778	
					381782	
					381783	
					381784	
					381816	
					381823	
					381831	
					381924	
					381990	
					382062	
					382074	
					382090	
					382180	
					382253	
					382620	
					382692	
					382696	
					382867	
					382985	
					383295	
					383435	
					384009	
					384410	
					384411	
					384419	
					384514	
					384515	
					384724	
					384783	
					385109	
					385253	
					385291	
					385658	
					386450	
					387565	
					387609	
					394432	
					399510	
					399548	
					399594	
					399603	
					403178	
					403183	
					407786	
					407788	
					407823	
					408057	
					408059	
					414068	
					414076	
					414086	
					414091	
					414098	
					432555	
					432572	
					432702	
					432763	
					433374	
					433415	
					433424	
					433470	
					433586	
					433637	
					433638	
					433752	
					433791	
					433940	
					434024	
					434025	
					434028	
					434031	
					434033	
					434034	
					434036	
					434039	
					434040	
					434041	
					434147	
					434197	
					434204	
					434215	
					434218	
					434219	
					434341	
					434437	
					434484	
					434609	
					435145	
					435321	
					435328	
					435653	
					435900	
					436468	
					436479	
					442829	
					503550	
					503610	
					50498	
					50523	
					50708	
					50723	
					50754	
					50758	
					50766	
					50768	
					50769	
					50778	
					50782	
					50785	
					50789	
					50794	
					50874	
					50909	
					50928	
					50932	
					50934	
					51791	
					51902	
					52040	
					52065	
					52163	
					52323	
					52357	
					52372	
					52377	
					52392	
					52440	
					52468	
					52521	
					52570	
					52609	
					52668	
					52685	
					52808	
					52822	
					52840	
					52855	
					52857	
					53310	
					53322	
					53324	
					53331	
					53374	
					53376	
					53419	
					53604	
					53623	
					53791	
					53859	
					53945	
					53970	
					54004	
					54123	
					54125	
					54139	
					54153	
					54156	
					54167	
					54169	
					54194	
					54199	
					54201	
					54218	
					54324	
					54343	
					54353	
					54383	
					54393	
					54394	
					54399	
					54411	
					54445	
					54446	
					54447	
					54473	
					544817	
					54483	
					54485	
					54486	
					545030	
					545156	
					545260	
					545384	
					545389	
					545557	
					54561	
					545809	
					545847	
					545848	
					545850	
					545851	
					54604	
					54608	
					54610	
					54613	
					546213	
					546244	
					54630	
					54645	
					54646	
					54667	
					54673	
					546886	
					54710	
					54712	
					547176	
					54725	
					547253	
					547347	
					547428	
					547431	
					552913	
					55932	
					55936	
					55942	
					55948	
					55992	
					56012	
					56018	
					56045	
					56048	
					56055	
					56149	
					56177	
					56193	
					56199	
					56213	
					56217	
					56219	
					56229	
					56274	
					56318	
					56320	
					56323	
					56336	
					56338	
					56353	
					56379	
					56380	
					56386	
					56389	
					56405	
					56437	
					56442	
					56448	
					56458	
					56460	
					56468	
					56469	
					56484	
					56486	
					56490	
					56504	
					56506	
					56508	
					56517	
					56613	
					56615	
					56619	
					56620	
					56637	
					56644	
					56690	
					56696	
					56706	
					56708	
					56715	
					56720	
					56722	
					56734	
					56743	
					56747	
					56786	
					56795	
					56812	
					56857	
					57259	
					57294	
					57330	
					57339	
					57344	
					57436	
					57438	
					57440	
					574418	
					574437	
					57738	
					57740	
					57742	
					57745	
					57748	
					57757	
					57778	
					57781	
					57783	
					57813	
					57869	
					57908	
					57914	
					57915	
					57916	
					58172	
					58194	
					58203	
					58206	
					58217	
					58218	
					58222	
					58233	
					58235	
					58250	
					58801	
					58809	
					58860	
					58994	
					59010	
					59033	
					59044	
					59049	
					59090	
					59093	
					59125	
					59289	
					60322	
					60361	
					60455	
					60504	
					60525	
					60533	
					60611	
					613123	
					619288	
					619306	
					619308	
					619309	
					619441	
					619806	
					619886	
					619916	
					619960	
					619994	
					620017	
					620050	
					620078	
					620191	
					620400	
					621823	
					621875	
					621968	
					621976	
					622304	
					622665	
					622976	
					623121	
					623781	
					625026	
					625175	
					625360	
					625540	
					626058	
					626316	
					626347	
					626578	
					626583	
					627171	
					627268	
					628004	
					628027	
					628072	
					628127	
					628144	
					628268	
					628541	
					628571	
					628614	
					628693	
					628900	
					628919	
					629303	
					629820	
					629842	
					629845	
					629859	
					629860	
					629871	
					629884	
					629906	
					630086	
					630146	
					630415	
					630461	
					630486	
					633457	
					633740	
					634386	
					634650	
					636127	
					636462	
					636741	
					637079	
					637227	
					637515	
					638566	
					638605	
					63872	
					639281	
					63953	
					639658	
					640046	
					64009	
					640506	
					64051	
					64095	
					64143	
					64177	
					64209	
					64295	
					64297	
					64385	
					64435	
					64436	
					64451	
					64898	
					64929	
					64933	
					65086	
					65112	
					65221	
					65256	
					652925	
					653029	
					654470	
					654788	
					654812	
					654836	
					65960	
					65963	
					65972	
					65973	
					66049	
					66058	
					66060	
					66082	
					66090	
					66102	
					66109	
					66129	
					66141	
					66205	
					66222	
					66241	
					66259	
					66270	
					66313	
					66315	
					66321	
					66325	
					66329	
					66395	
					66396	
					66412	
					66425	
					66469	
					66528	
					66540	
					665574	
					66591	
					666048	
					66610	
					66616	
					666182	
					666348	
					666794	
					66680	
					66684	
					66686	
					666926	
					666938	
					667106	
					667214	
					66725	
					66734	
					667373	
					667435	
					667574	
					667583	
					667683	
					667794	
					667865	
					667881	
					667914	
					667924	
					667940	
					667977	
					66815	
					668166	
					668210	
					668310	
					668389	
					668421	
					668474	
					668478	
					668497	
					66857	
					668589	
					66859	
					668591	
					668597	
					668604	
					66869	
					66892	
					66895	
					66898	
					66922	
					66940	
					66943	
					66961	
					66995	
					67017	
					67020	
					67023	
					67035	
					67043	
					67062	
					67074	
					67092	
					67111	
					67122	
					67123	
					67125	
					67133	
					67155	
					67171	
					67213	
					67220	
					67245	
					67246	
					672511	
					67263	
					67266	
					67287	
					67298	
					67299	
					67305	
					67306	
					67375	
					67378	
					67379	
					67393	
					674018	
					67426	
					67434	
					67443	
					67448	
					67474	
					67475	
					67477	
					67480	
					67484	
					67488	
					67495	
					67525	
					675325	
					67579	
					67580	
					67602	
					67603	
					67621	
					67630	
					67647	
					676527	
					67661	
					677156	
					677289	
					67731	
					67742	
					67752	
					67760	
					677858	
					677884	
					67804	
					67844	
					67855	
					67876	
					67886	
					67887	
					67893	
					67905	
					67916	
					67946	
					67951	
					67991	
					67998	
					68039	
					68075	
					68098	
					68118	
					68119	
					68140	
					68146	
					68149	
					68151	
					68161	
					68169	
					68176	
					68187	
					68190	
					68235	
					68303	
					68318	
					68337	
					68386	
					68404	
					68421	
					68423	
					68458	
					68480	
					68487	
					68507	
					68552	
					68553	
					68591	
					68592	
					68632	
					68635	
					68686	
					68724	
					68728	
					68732	
					68750	
					68755	
					68764	
					68778	
					68799	
					68841	
					68842	
					68867	
					68870	
					68877	
					68891	
					68910	
					68939	
					68943	
					69053	
					69066	
					69106	
					69136	
					69146	
					69169	
					69170	
					69171	
					69181	
					69187	
					69188	
					69189	
					69193	
					69195	
					69202	
					692152	
					692154	
					692161	
					692165	
					692169	
					692182	
					692187	
					692245	
					69257	
					69399	
					69462	
					69524	
					69537	
					69538	
					69546	
					69548	
					69582	
					69583	
					69632	
					69635	
					69638	
					69656	
					69674	
					69675	
					69698	
					69710	
					69742	
					69743	
					69745	
					69780	
					69781	
					69809	
					69815	
					69816	
					69834	
					69908	
					69926	
					69930	
					69987	
					70003	
					70018	
					70028	
					70045	
					70097	
					70101	
					70133	
					70135	
					70143	
					70155	
					70227	
					70292	
					70314	
					70354	
					70355	
					70373	
					70381	
					70420	
					70423	
					70461	
					70484	
					70497	
					70508	
					70510	
					70552	
					70561	
					70564	
					70574	
					70599	
					70602	
					70611	
					70686	
					70701	
					70713	
					70719	
					70747	
					70762	
					70772	
					70785	
					70789	
					70797	
					70834	
					70882	
					70929	
					70989	
					71063	
					71091	
					71101	
					71132	
					71186	
					71198	
					71233	
					71275	
					71302	
					71310	
					71323	
					71371	
					71375	
					71389	
					71398	
					71409	
					71474	
					71520	
					71564	
					71586	
					71602	
					71607	
					71640	
					71665	
					71673	
					71685	
					71703	
					71704	
					71706	
					71722	
					71728	
					71740	
					71742	
					71777	
					71801	
					71803	
					71834	
					71839	
					71862	
					71878	
					71887	
					71893	
					71897	
					71901	
					71914	
					71918	
					71923	
					71929	
					71934	
					71951	
					71962	
					71972	
					72000	
					72023	
					72033	
					72043	
					72049	
					72054	
					72123	
					72128	
					72145	
					72147	
					72148	
					72160	
					72194	
					72278	
					72289	
					72310	
					72318	
					72325	
					72333	
					72349	
					72350	
					724035	
					72404	
					72434	
					72461	
					72477	
					72500	
					72536	
					72580	
					72587	
					72691	
					72699	
					72729	
					72754	
					72774	
					72807	
					72821	
					72823	
					72925	
					72948	
					72972	
					73040	
					73086	
					73162	
					73178	
					73182	
					73205	
					73341	
					73368	
					73377	
					73379	
					73389	
					73392	
					73430	
					73442	
					73447	
					73571	
					73656	
					73673	
					73692	
					73728	
					73729	
					73825	
					73827	
					73899	
					73921	
					73991	
					73998	
					74007	
					74013	
					74020	
					74025	
					74030	
					74039	
					74048	
					74055	
					74081	
					74090	
					74091	
					74096	
					74102	
					74105	
					74116	
					74120	
					74126	
					74127	
					74134	
					74137	
					74149	
					74150	
					74152	
					74153	
					74155	
					74165	
					74182	
					74183	
					74191	
					74194	
					74230	
					74256	
					74257	
					74273	
					74302	
					74310	
					74315	
					74334	
					74337	
					74343	
					74364	
					74375	
					74376	
					74392	
					74442	
					74478	
					74487	
					74549	
					74558	
					74577	
					74580	
					74596	
					74617	
					74626	
					74637	
					74644	
					74645	
					74646	
					74666	
					74684	
					74694	
					74732	
					74737	
					74748	
					74764	
					74775	
					74841	
					74901	
					74919	
					74998	
					75007	
					75089	
					75124	
					751864	
					751865	
					75205	
					75219	
					75234	
					75255	
					75345	
					75389	
					75458	
					75547	
					75578	
					75580	
					75599	
					75605	
					75612	
					75665	
					75668	
					75669	
					75687	
					75690	
					75691	
					75744	
					75747	
					75785	
					75788	
					75841	
					75844	
					75869	
					75871	
					75914	
					75964	
					75985	
					76007	
					76051	
					76071	
					76074	
					76137	
					76199	
					76252	
					76263	
					76373	
					76408	
					76426	
					76432	
					76448	
					76469	
					76491	
					76561	
					76566	
					76652	
					76719	
					76747	
					76804	
					76820	
					76850	
					76901	
					76933	
					77097	
					77128	
					77417	
					77446	
					77505	
					77577	
					77578	
					77590	
					77746	
					777686	
					777780	
					77805	
					77853	
					77864	
					77866	
					77889	
					77963	
					77974	
					77975	
					77976	
					78050	
					780792	
					780794	
					780799	
					780802	
					780803	
					780818	
					780829	
					780831	
					780864	
					780883	
					780884	
					780891	
					780929	
					780931	
					780932	
					780938	
					780939	
					780956	
					78167	
					78200	
					78202	
					78252	
					78255	
					78309	
					78334	
					78388	
					78390	
					78416	
					78500	
					78512	
					78560	
					78610	
					78618	
					78703	
					78749	
					78751	
					78752	
					78757	
					78771	
					78779	
					78816	
					78826	
					78889	
					78892	
					78923	
					78937	
					791089	
					791090	
					791369	
					791421	
					79196	
					79201	
					79233	
					79362	
					80281	
					80288	
					80289	
					80291	
					80517	
					80719	
					80733	
					80782	
					80795	
					80859	
					80860	
					80861	
					80876	
					80877	
					80885	
					80909	
					80911	
					80981	
					81014	
					81489	
					81897	
					81905	
					83382	
					83395	
					83408	
					83429	
					83436	
					83486	
					83490	
					83679	
					83814	
					83921	
					83924	
					83946	
					83965	
					84544	
					85030	
					89867	
					93671	
					93691	
					93694	
					93715	
					93736	
					93759	
					93760	
					93834	
					93835	
					93836	
					93871	
					94047	
					94089	
					94094	
					94176	
					94180	
					94212	
					94220	
					94246	
					94275	
					94282	
					94332	
					94353	
					97287	
					97402	
					97545	
					98170	
					98256	
					98267	
					98365	
					98388	
					98396	
					98432	
					98496	
					98752	
					98910	
					98952	
					98999	
					99371	
					99382	
					99470	
					99512	
					99543	
					99696	
					99929	
