liver_myc	kidney_myc	lung_myc	lung_mycras	lung_ras	tall_myc	eumyc_myc
100019	100034251	100039571	100039571	100042427	100019	100038385
100039571	100039346	100042427	100042427	100340	100038354	100038418
100040605	100039571	100043257	100088	100503895	100038391	100038453
100041230	100039751	100340	100340	100604	100038552	100038504
100042405	100040605	100604	100503895	101437	100038566	100038513
100042777	100040897	100608	100504508	102657	100038570	100038552
100043192	100041500	101437	100604	103142	100038714	100038708
100043209	100042777	101612	100608	104099	100038746	100039060
100043796	100043192	102657	101437	104156	100038759	100039123
100088	100088	103136	101612	104681	100039229	100039331
100102	100102	104263	102657	104886	100039257	100039864
100336	100340	104318	103136	105298	100039805	100040014
100340	100502766	104458	103551	105348	100039945	100040766
100502766	100503199	104681	104099	105785	100040340	100041071
100503659	100608	104886	104263	106344	100040531	100041286
100503799	100609	105148	104458	107272	100040608	100041639
100504508	100861615	105348	104662	107995	100040766	100042179
100515	100861685	105785	104681	108017	100040822	100042777
100608	101055703	105835	104886	108058	100041546	100042912
100616095	101055744	107221	105148	108148	100041694	100043125
100669	101055888	107272	105298	108897	100041953	100043143
100689	101471	107508	105348	109901	100042179	100043207
100861685	101497	107522	105675	110095	100042198	100043403
101055744	101502	108058	105732	112407	100042405	100043462
101113	101612	108143	105835	11428	100042427	100043497
101476	101631	108147	106344	11443	100042777	100043684
101497	101831	108673	107071	114606	100042807	100043686
101612	102162	108888	107094	114715	100043040	100043688
101739	102334	109077	107221	11520	100043251	100043914
101831	102545	109652	107272	11541	100043272	100044193
101943	102614	109857	107373	11542	100043313	100047123
102334	102626	109901	107508	11565	100043407	100049167
102502	102635048	110109	107522	11576	100043431	100049168
102545	102635166	110175	107686	11676	100043462	100088
102614	102657	110959	107995	11727	100043636	100101919
102626	102693	114606	108013	11768	100043752	100124367
102635048	102747	114641	108037	11828	100043906	100124368
102857	102920	114663	108058	11839	100044193	100124372
102920	103135	114715	108147	11846	100047123	100124396
103136	103136	11565	108176	11847	100048658	100124659
103468	103537	11566	108673	11891	100048985	100124684
104367	103551	11674	108682	11931	100087	100124698
104394	104318	11676	108888	11975	100088	100125929
104418	104346	116914	108897	12046	100101484	100126030
104681	104367	11768	108912	12047	100113398	100126469
104943	104394	11769	109154	12069	100125262	100134990
105348	104418	11792	109652	12070	100125263	100196896
105372	105348	11821	109857	12153	100126824	100198
105837	105372	11837	109901	12223	100163	100270707
105988	105782	11839	110033	12274	100170401	100303747
106344	105785	11844	110095	12337	100306874	100340
106582	105988	11847	110109	12361	100310872	100379609
106628	106344	11898	110198	12443	100310873	100416807
106672	106522	12034	110351	12475	100327264	100502593
106795	106572	12321	110542	12505	100336	100502766
106869	106582	12337	110606	12512	100415787	100503026
106957	106766	12450	110749	12534	100417936	100503082
107029	107045	12457	110959	12575	100418192	100503130
107094	107071	12462	112407	12578	100502635	100503185
107221	107094	12505	11363	12606	100502754	100503199
107272	107373	12512	11409	12642	100502766	100503380
107449	107522	12575	11428	12654	100502923	100503502
107586	107581	12606	114606	12655	100502938	100503583
107753	107765	12738	114641	12684	100502950	100503605
107823	107817	12822	114663	12702	100503003	100503636
107975	107823	13014	114715	12716	100503082	100503949
107995	107932	13180	11532	12738	100503130	100503965
108000	107939	13511	11564	12739	100503380	100503991
108067	107995	13557	11565	12740	100503394	100504049
108147	108067	13629	11566	12819	100503495	100504140
108167440	108167440	13663	11576	12822	100503536	100504267
108169090	108168494	13664	11637	13014	100503583	100504455
108176	108168824	13681	11674	13032	100503619	100504637
108679	108168840	13685	11676	13036	100503826	100515
108888	108176	13806	116871	13180	100504112	100609
108897	108673	13844	11692	13197	100504278	100678
108907	108689	13871	11720	13386	100504352	100705
108912	108907	14056	11757	13528	100504361	100737
109054	108912	14057	11768	13653	100504421	100952
109065	108927	14161	11769	13654	100504446	101055670
109077	108978	14187	11792	13663	100504601	101401
109225	109077	14281	11799	13710	100504618	101488143
109232	109225	14287	11812	13711	100504637	101565
109676	109674	14375	11821	13803	100515	101772
110006	109711	14381	11834	13806	100608	102124
110033	110033	14433	11837	13836	100609	102162
110052	110109	14571	11839	13844	100678	102448
110074	110147	14620	11845	13871	101056014	102614
110078	110208	14661	11846	14057	101056073	102631925
110109	110532	14786	11847	140781	101359	102632465
110147	110606	14791	11854	140795	101544	102633081
110310	110749	14869	11891	14120	101565	102633407
110417	110956	14873	11950	14121	101612	102634080
110606	112407	14911	11972	14130	101739	102634668
110749	112422	14942	12034	14187	101831	102634839
110809	11443	15220	12069	14281	101867	102635552
110816	114584	15251	12070	14302	101943	102636131
110956	11459	15277	12261	14344	101994	102637250
11307	11461	15387	12265	14345	102058	102637966
11308	114641	15451	12304	14433	102060	102638630
11443	114663	15452	12317	14528	102075	102638670
114641	11475	15526	12337	14571	102115	102638847
114663	11545	15893	12361	14573	102122	102639509
114741	11546	15929	12450	14619	102124	102639547
114774	115486883	16009	12462	14620	102216272	102639608
11481	11576	16425	12466	14621	102448	102640298
11518	11603	16525	12475	14623	102462	102640822
11544	11606	16548	12505	14712	102502	102640832
11545	11668	16644	12512	14792	102545	102640850
11546	11690	16664	12534	14825	102614	102641779
11576	116972	16668	12544	14915	102626	102680
11677	117149	16763	12556	14942	102633156	102920
11690	11745	16828	12575	14950	102633407	103080
11739	11797	16898	12578	14960	102633666	103551
11746	11799	170833	12606	14961	102633874	103573
11768	11810	17219	12615	14969	102634668	103743
11783	11816	17314	12630	14990	102634742	103963
11785	11821	17319	12654	14998	102634962	103964
11792	11837	17357	12684	14999	102635385	104027
11799	118445	17463	12716	15108	102635538	104103
11813	11846	17748	12738	15220	102637277	104110
11828	11852	17938	12740	15277	102637842	104271
11834	11867	17988	12819	15361	102638448	104445
11837	11910	18082	12822	15368	102638545	104709
11910	11989	18103	12972	15377	102638847	104732
11936	12023	18148	13014	15451	102639137	104871
11989	12028	18150	13034	15902	102640043	104884
12041	12034	18391	13180	16149	102640298	105243866
12047	12045	18432	13197	16176	102641859	105243925
12069	12047	18458	13511	16404	102644	105244114
12070	12051	18476	13528	16424	102657	105244354
12122	12070	18641	13629	16425	102902673	105244375
12144	12111	18648	13639	16427	102920	105244502
12162	12144	18693	13653	16440	103136	105246278
12217	12153	18704	13663	16447	103468	105246366
12236	12181	18746	13681	16477	103534	105246665
12301	12224	18824	13685	16525	103551	105450
12316	12236	19016	13711	16541	103573	105651
12337	12258	19079	13806	16628	103711	105734
12366	12259	19143	13871	16644	103733	105988
12406	12260	19170	13877	16668	103784	106042
12428	12262	192200	14056	16691	103836	106344
12445	12266	192212	14057	16763	103963	106393
12447	12306	19227	14120	16780	104103	106618
12465	12332	19280	14156	16782	104112	106757
12466	12363	19346	14187	16803	104184	106766
12468	12365	19376	14200	16819	104303	106795
12512	12366	19737	14204	16828	104383	106957
12514	12455	19777	14228	16889	104394	107271
12530	12462	19899	14287	16906	104444	107272
12532	12464	19921	14302	17067	104458	107351
12534	12475	19943	14344	17068	104625	107449
12545	12505	20019	14345	170833	104662	107476
12550	12514	20055	14375	171388	104718	107508
12566	12524	20103	14433	17153	104721	107513
12567	12532	20104	14450	171531	104725	107522
12575	12545	20111	14534	171543	104732	107527
12577	12560	20416	14571	17218	104871	107574
12615	12567	20440	14619	17219	104884	107581
12655	12575	20448	14620	17231	104886	107589
12704	12579	20509	14712	17319	104910	107686
12709	12615	20525	14786	17357	105005	107823
12740	12630	20641	14792	17381	105148	107869
12796	12642	20682	14793	17386	105193	107939
12826	12702	20732	14869	17829	105242854	107995
12895	12721	20743	14872	18082	105242887	108000
13006	12729	207920	14873	18140	105244086	108037
13007	12739	207965	14942	18476	105244529	108067
13048	12740	20810	14950	18612	105244644	108075
13057	12799	208449	14961	18641	105245359	108115
13384	12812	20856	14969	18700	105246056	108116
13386	12816	20901	14998	18719	105246071	108147
13411	12822	20917	14999	18746	105246278	108150
13433	12826	209354	15108	18778	105246846	108151
13436	12827	20969	15191	18792	105247240	108153
13496	12831	211666	15220	18805	105298	108156
13537	12835	212503	15277	18817	105351	108168742
13587	12837	212679	15278	18826	105522	108169039
13589	12842	212880	15361	19079	105651	108169050
13650	12843	213539	15377	19118	105653	108682
13664	12870	21379	15378	19143	105663	108760
13669	12931	213948	15382	19170	105675	108888
13681	12977	213989	15387	19224	105727	108900
13710	12988	214498	15451	19294	105734	108907
13728	13040	21454	15469	19369	105837	108911
13731	13411	214572	15473	19417	105940408	108912
13806	13433	214791	15481	19662	105988	108927
13808	13436	216829	15510	19668	106042	108961
13821	13537	216877	15516	19734	106248	109163
13822	13555	217011	15526	19737	106264	109212
13823	13587	21781	15893	19886	106344	109222
13829	13614	217869	15929	20295	106393	109242
13859	13626	217882	16009	20305	106565	109624
13877	13653	218121	16149	20351	106618	109637
14000	13654	21815	16319	20388	106707	109652
14026	13664	21816	16404	20416	106795	109660
140486	13681	219024	16425	20443	106957	109674
140488	13685	21915	16427	20448	107029	109697
14050	13710	219151	16431	20454	107045	109700
14056	13723	21917	16440	20496	107047	109791
14063	13733	21991	16477	20500	107071	109901
140743	13870	22017	16525	20525	107094	109959
14077	13871	22032	16541	20652	107227	110006
140795	13877	22113	16551	20720	107271	110033
14156	140488	22122	16574	20732	107272	110074
14163	14062	22146	16644	20750	107435	110109
14221	14063	22247	16664	207596	107476	110196
14235	140743	22256	16668	207965	107503	110257
14265	14115	22321	16691	208449	107508	110312
14375	14118	223267	16763	208659	107513	110460
14381	14131	22351	16780	20893	107522	110532
14421	14156	223691	16782	20911	107527	110749
14450	14161	223723	16803	209131	107686	110751
14534	14187	22401	16819	20969	107701	110954
14537	14190	225870	16828	211666	107732	111970
14559	14191	22626	16898	212503	107733	114332
14570	14219	226414	16906	213603	107734	114663
14598	14221	226419	16907	213948	107823	11470
14635	14230	226830	16998	213989	107995	11475
14660	14235	22722	170460	214359	108000	11481
14688	14281	227522	17068	214791	108014	114886
14694	14284	22791	170753	215821	108037	11489
14710	14312	228026	170833	216019	108062	11490
14734	14313	228366	170942	216350	108067	11497
14793	14368	228368	171388	21664	108098	11501
14841	14375	228608	17153	217169	108121	11512
14916	14450	228765	17216	217995	108143	11517
14923	14534	228775	17218	21812	108147	11534
14955	14559	228889	17219	218121	108156	11537
15270	14570	229211	17224	21815	108167440	115487829
15277	14609	230082	17231	21816	108167789	115489709
15331	14620	230279	17299	218454	108168254	11568
15361	14633	230721	17314	21877	108169069	11601
15374	14678	231238	17319	21946	108654	11615
15381	14693	231327	17341	21950	108671	11640
15382	14694	231713	17357	21991	108682	11656
15384	14726	231872	17684	22032	108707	116701
15388	14728	231874	17748	22041	108841	116870
15468	14734	232087	17829	22113	108888	116914
15469	14791	232146	17938	22134	108900	11722
15481	14793	232536	17988	22146	108902	11739
15519	14825	233066	18082	22166	108907	11740
15530	14841	235416	18102	223267	108911	11745
15547	14853	235441	18103	223631	108912	11758
15568	14884	23827	18140	223646	108961	11761
15893	14885	23837	18148	22381	109006	11769
15945	14913	23874	18150	22401	109054	11770
16002	15270	23882	18391	224079	109065	11790
16004	15277	23918	18432	224116	109075	11792
16061	15361	23966	18458	22422	109077	11799
16155	15374	24128	18476	224897	109079	11821
16319	15388	243983	18612	225049	109093	11837
16421	15460	244329	18641	225870	109145	118449
16440	15468	244886	18643	225884	109154	11898
16511	15469	245688	18648	226043	109226	11928
16551	15507	245841	18700	22626	109242	11931
16552	15530	245945	18746	226409	109299	11933
16571	15894	26365	18805	227327	109346	11938
16634	15980	26415	18813	228608	109349	11944
16667	16007	26425	18817	228765	109620	11951
16763	16182	268396	18824	229302	109652	11983
16765	16319	268490	18826	230279	109660	11987
16795	16323	26891	18972	230779	109672	11994
16852	16400	269261	19079	231238	109674	12021
16854	16402	26931	19143	231287	109778	12033
16881	16418	269344	19170	231440	109785	12035
16898	16426	269536	19177	231830	109801	121021
16905	16440	26987	19186	231874	109889	121022
16906	16453	27050	19212	233406	109901	12111
16907	16477	27053	192120	234199	110006	12144
16994	16478	27176	192201	234683	110033	12153
17002	16543	27260	19227	235441	110052	12163
17067	16551	27279	19240	23882	110074	12166
170753	16560	27366	192897	23887	110109	12189
170755	16571	27374	19352	239393	110119	12190
170758	16600	27392	19369	23966	110183	12217
17085	16664	276770	19376	239691	110196	12228
17089	16667	277333	19385	239739	110208	12235
170930	16668	27979	19662	23985	110323	12236
170942	16669	27998	19734	240354	110350	12258
17105	16691	28019	19737	241230	110379	12261
17110	16776	29858	19886	242362	110391	12266
17118	16780	30877	19899	243725	110446	12268
17196	16792	30932	19921	243967	110460	12282
17215	16803	319446	19933	244954	110532	12287
17216	16818	319520	19934	245847	110606	12297
17217	16819	320685	19943	245945	110611	12301
17218	16852	327900	19944	252973	110651	12316
17219	16854	380752	19946	26365	110749	12326
17220	16881	381314	20016	26382	110750	12330
17279	16897	381319	20018	26415	110784	12350
17304	16905	382038	20019	26570	110809	12389
17341	16906	384783	20054	268396	110816	12406
17345	16907	385643	20055	268527	110821	12411
17357	16948	433182	20088	26903	110826	12416
17420	16949	50492	20103	271844	110842	12419
17427	16998	50784	20104	27260	110854	12428
17523	17069	50790	20135	27279	110959	12442
17532	170743	50933	20317	27361	110960	12443
17535	170758	51797	20351	27376	111175	12447
17685	170770	51800	20365	27392	111241	12448
17688	17084	52009	20388	27410	112136084	12449
17756	170942	52014	20425	277333	112407	12462
17765	17105	52024	20440	319165	11306	12477
17768	171095	52530	20448	319169	11409	12490
17776	17110	53379	20496	319446	11416	12501
17865	17125	53416	20500	319520	11429	12502
17869	171286	53868	20509	320078	114301	12511
17873	171543	54197	20641	320718	11431	12512
17921	17184	544963	20652	330890	114606	12530
17925	17210	54608	20682	353499	11465	12532
17938	17218	54670	20732	381236	114663	12534
17975	17219	54709	20743	381319	11472	12544
17988	17220	55943	20751	381605	114741	12545
18003	17304	55949	20768	384783	11486	12554
18046	17314	55989	207920	385643	114896	12560
18074	17345	56018	207965	432486	11519	12562
18080	17381	56088	20810	432720	11532	12567
18117	17387	56207	20826	433323	11534	12575
18140	17390	56292	208449	433470	11546	12578
18148	17427	56307	20856	433904	115488195	12579
18150	17463	56321	20878	50784	11564	12585
18173	17474	56347	20911	50790	11566	12613
18226	17476	56354	20917	50915	11568	12614
18263	17533	56361	209354	52009	11615	12615
18432	17535	56412	20969	52024	11637	12628
18483	17684	56421	20972	52033	11639	12649
18515	17685	56428	20973	52076	11640	12655
18538	17755	56449	211666	52118	11647	12704
18591	17768	56520	212503	52331	11651	12737
18616	17865	56524	212679	53381	11656	12741
18669	17869	56807	213208	53416	11658	12759
18693	17873	57377	213539	53419	11668	12793
18717	17886	59028	213742	53897	11674	12816
18746	17925	59053	21379	54197	116748	12825
18817	17965	60315	213948	54325	116870	12826
18824	17972	60507	213989	54426	116905	12827
18938	17975	622339	214359	546038	11692	12831
18969	18008	622402	21454	54608	117109	12832
18971	18011	64177	214572	54722	11737	12833
18972	18049	64292	214791	55943	11739	12834
18973	18113	64655	215387	56279	11740	12835
19041	18117	65019	216019	56316	11757	12842
19045	18130	654824	21672	56456	11758	12843
19047	18140	66120	216829	56620	117592	12857
19075	18148	66143	216877	56644	11769	12858
19076	18150	66166	217011	56738	11777	12861
19099	18169	66171	217169	56807	11792	12864
19132	18173	66211	217216	57276	11799	12866
19152	18218	66356	217666	57370	11800	12873
19159	18226	66387	21771	57738	11803	12927
19205	18301	66409	21781	58182	11811	12933
192119	18391	66412	21812	58226	11815	12945
192160	18414	66596	218121	58809	11821	13003
192187	18432	66614	218138	59083	11826	13011
192287	18476	66617	21815	622339	118451	13052
19240	18483	66667	21816	626834	11877	13078
192976	18551	66687	21849	629756	11891	13121
19340	18591	667609	21877	64138	11927	13123
19352	18611	66809	219024	64292	11932	13167
19355	18626	668661	21915	64406	11938	13175
19361	18636	66902	219151	654824	11946	13199
19367	18741	66912	21946	66079	11947	13200
19376	18746	66913	21973	66166	11949	13340
19385	18793	66973	21983	66260	11950	13346
194126	18810	67026	21991	66284	11951	13353
194231	18817	67059	22017	66355	11957	13361
19687	18824	67097	22032	66725	11958	13384
19703	18938	67105	22041	66863	11981	13411
19716	18969	67134	22051	66902	11983	13419
19718	18971	67177	22059	67073	11987	13433
19862	18972	67242	22113	67177	11989	13497
19876	18973	67326	22121	67182	11991	13511
19891	18986	67337	22122	67307	12017	13555
19941	19041	67442	22134	67442	12018	13602
19943	19072	67458	22146	67512	12021	13605
19944	19092	67582	22171	67603	12028	13618
19981	19139	67603	22172	67862	12033	13636
20016	19152	67619	22247	67874	12034	13664
20017	19171	67760	22256	67963	12035	13665
20019	19205	67832	22321	68087	12036	13681
20020	192120	67862	223267	68283	12040	13706
20042	19215	67895	223646	68404	12041	13717
20085	192160	67903	223691	68498	12055	13723
20088	192176	67936	22381	68775	121022	13731
20091	19240	67949	223921	68915	12144	13732
20116	19241	68052	22401	68949	12162	13804
20133	19245	68106	224079	69035	12168	13805
20135	19250	68193	22422	69134	12180	13806
20168	19267	68241	225215	69534	12181	13819
20174	19280	68294	225870	69581	12189	13824
20185	192897	68533	225884	69640	12190	13877
20195	19291	68626	22626	69697	12215	14004
20250	19352	68705	226414	69806	12217	140559
20345	19359	68730	226419	69890	12235	14056
20356	19365	68758	226564	70155	12236	14057
20415	19366	68915	226830	70186	12237	140570
20419	19369	68949	227327	70274	12261	140577
20438	19383	68971	227522	70536	12282	14062
20448	19385	69080	228026	70835	12301	14065
20509	19387	69101	228366	71207	12306	140765
20510	19415	69581	228368	71712	12315	14083
20540	195209	69640	228608	71819	12316	14086
20588	19697	69692	228765	71893	12326	14104
20595	19698	69833	228775	71913	12330	14107
20606	19716	70044	228889	71934	12340	14113
20624	19826	70186	229211	72042	12346	14118
20638	19862	70285	229524	72058	12366	14156
20641	19899	70333	230082	72121	12367	14163
20652	19921	70427	230279	72157	12387	14182
20668	19933	70572	230721	72219	12409	14211
20719	19935	70821	230779	72469	12412	14219
20728	19941	71041	230991	72789	12416	14228
20730	19943	71177	231238	73608	12417	14229
20732	19944	71345	231327	73712	12419	14230
20788	19981	71449	231872	73737	12428	14235
208084	19982	71780	232146	73750	12442	14238
20810	20017	71910	232187	74007	12444	14257
208104	20018	71911	232334	74155	12447	14268
208146	20019	71934	233066	74340	12448	14270
20815	20054	71974	233406	74776	12449	14284
208194	20055	72056	233870	74777	12461	14297
208228	20088	72084	234199	75089	12462	14314
20833	20091	72102	234374	75646	12464	14371
208518	20102	72124	234577	75909	12465	14375
208628	20103	72133	235416	76130	12466	14433
20873	20116	72157	235441	76261	12468	14450
208748	20133	72265	236539	76527	12469	14455
20877	20135	72440	23825	76561	12499	14463
20878	20174	72462	23827	76574	12500	14536
208943	20194	72640	23837	76630	12501	14544
208990	20195	72947	23874	76905	12502	14559
20908	20200	72960	23886	76974	12504	14562
209195	20201	73137	23918	77462	12509	14570
20924	20287	73710	23966	78088	12530	14584
209268	20289	73750	23983	78317	12531	14615
20937	20293	73836	23985	78785	12532	14629
20947	20305	74747	240055	78938	12534	14630
20972	20306	74776	242642	79202	12539	14635
209737	20307	75316	243967	81840	12544	14664
211064	20308	76130	244886	81910	12545	14686
211651	20310	76454	244954	93672	12549	14695
211666	20364	76630	245688	93692	12554	14719
212123	20390	76687	245841	93726	12566	14727
212307	20440	76890	245945	93842	12567	14731
212377	20448	76952	246316	94040	12571	14732
212399	20491	77411	257635	94179	12572	14733
212528	20531	77862	26365	94185	12578	14747
212539	20568	78757	26415	97031	12580	14758
212547	20586	78895	26427		12589	14764
212679	20595	78938	26451		12606	14783
212880	20624	79202	26456		12614	14793
213211	20637	80914	268490		12615	14827
21346	20666	81910	268697		12617	14841
213539	20677	94093	26894		12626	14873
21357	20682	94181	26905		12631	14886
213895	20692	94185	269261		12649	14924
213948	20716	97031	26931		12704	14933
21400	20719	97487	269344		12715	14957
21415	207521	98170	269378		12729	14962
21429	20760	98238	26944		12740	14990
214345	20761	98758	269536		12773	15122
214444	207819		26987		12793	15168
21453	207952		27041		12812	15191
214572	208084		27050		12842	15201
214901	20810		27176		12846	15209
215193	208144		271844		12848	15245
215387	208146		27260		12850	15254
215494	20833		27279		12856	15267
215690	20848		27366		12857	15270
215708	208518		27370		12858	15277
216019	20856		27374		12859	15360
216156	208618		27392		12861	15361
21672	208628		276770		12864	15366
216766	208748		277333		12865	15384
21677	20878		27973		12866	15439
21681	208968		27979		12867	15460
216829	209195		27993		12868	15469
216856	20924		27998		12877	15481
217031	20937		28019		12892	15510
217138	20972		29870		12896	15519
217169	209737		30056		12972	15529
217325	209773		30058		12974	15530
217328	210622		30059		13001	15925
217333	211064		30060		13003	15983
217430	211651		30840		13006	16004
21750	212503		30877		13046	16007
21753	212539		30927		13063	16009
217653	212547		30932		13167	16010
21771	212679		30963		13178	16160
21781	213539		319165		13194	16177
21786	213541		319167		13195	16181
218121	213603		319168		13200	16196
218138	213753		319169		13340	16197
21849	213773		319170		13353	16206
21853	213895		319173		13360	16211
21856	213948		319176		13361	16319
21857	21429		319446		13382	16324
218581	21453		319520		13417	16332
21873	214572		320158		13419	16402
21877	214901		320685		13433	16407
218973	215193		320718		13436	16449
218977	215387		328162		13445	16497
219114	216161		330050		13446	16523
21912	216456		330173		13478	16525
21917	216725		330890		13482	16534
21924	216766		353499		13494	16551
21973	21677		381045		13495	16568
21985	21681		381101		13497	16571
22003	216856		381314		13511	16576
22042	216869		381667		13555	16580
22063	216963		382038		13557	16592
22113	217031		384783		13595	16647
22121	217219		385643		13601	16668
22129	217342		406217		13603	16763
22137	21753		432442		13605	16765
22142	217653		432486		13617	16772
22143	21771		432720		13631	16773
22154	217847		433182		13639	16774
22158	217995		433323		13656	16776
22171	21803		433470		13664	16777
22172	21810		433923		13665	16779
22247	21826		434858		13667	16803
22256	21838		50492		13669	16828
22321	21841		50784		13680	16835
22329	218454		50790		13681	16847
22340	21849		50927		13684	16852
223483	21853		50933		13685	16866
223626	21857		51797		13722	16880
223666	21858		51800		13723	16881
22367	21877		52009		13804	16891
223773	218977		52024		13806	16906
223921	219114		52033		13808	16907
225027	219144		52118		13824	16950
225134	219151		52331		13828	16997
22594	21923		52530		13829	16998
225995	21939		53379		13837	17022
22608	21973		53381		13844	17035
226154	21983		53416		13857	170439
22626	22003		53419		13867	170643
22631	22095		53607		13877	170677
226409	22121		53868		13885	170737
226419	22122		54135		13972	170748
226519	22129		54141		13984	170758
226562	22142		54197		14000	170762
226747	22154		54200		14004	170770
226823	22177		54426		14027	170799
22690	22240		544963		14030	170826
227059	22248		54563		140488	17089
22722	22249		54608		14050	170942
227358	22256		54670		140559	17105
227620	22321		54709		14056	17110
227644	22330		54722		14057	171188
227715	223626		55943		140629	17121
227737	22367		55948		14063	17123
227753	223696		55949		14065	17167
22791	22379		55989		14082	17215
228061	223921		56018		140858	17216
228359	22401		56088		14088	17217
228366	224045		56095		14104	17218
228410	22409		56150		14105	17219
228421	22422		56282		14113	17220
228550	224829		56292		14114	17263
228790	224897		56316		14115	17279
228869	225027		56321		14137	17286
228875	225058		56347		14148	17300
228889	225134		56354		14149	17304
229524	225363		56361		14156	17306
229543	225745		56390		14194	17309
230082	225870		56412		14201	17313
230098	226026		56428		14208	17319
230233	226101		56449		14211	17345
230257	226151		56454		14225	17356
230376	226153		56520		14227	17387
230484	226169		56524		14228	17390
230596	226409		57028		14229	17394
230603	226419		57262		14235	17427
230721	226519		57276		14287	17463
230752	226747		57370		14297	17534
230806	226823		57377		14347	17750
230972	22687		57753		14349	17756
230991	227522		57785		14371	17768
231042	227674		58226		14375	17863
231287	227715		58523		14381	17865
231452	227929		58875		14385	17869
231713	22793		59008		14387	17876
231821	228026		59012		14429	17880
231872	228410		59028		14433	17940
231887	228421		59053		14450	17975
232087	228608		59083		14453	17992
232187	228790		60507		14534	17999
232210	228846		622339		14548	18005
232440	228889		623474		14570	18008
232679	229595		626834		14582	18028
232879	229644		64177		14613	18102
232887	229731		64292		14630	18103
233040	229900		64424		14635	18117
233066	230082		64655		14664	18128
233406	230145		65019		14679	18131
233549	230233		65111		14686	18140
233826	230234		654467		14704	18148
233833	230376		654824		14708	18150
233876	230393		66039		14719	18160
234373	230596		66120		14731	18214
234776	230603		66143		14732	18221
234857	230721		66162		14751	18230
234865	231368		66164		14766	18263
235036	231452		66166		14768	18295
235283	231507		66181		14778	18391
235300	231655		66194		14782	18392
235497	231713		66211		14783	18393
235584	231872		66241		14786	18414
236539	231887		66260		14791	18432
236900	232187		66350		14792	18442
237436	232431		66356		14793	18453
237823	232679		66387		14827	18484
237877	232748		66399		14841	18538
23790	232791		66409		14852	18551
237911	232887		66422		14854	18566
23825	233067		66442		14860	18595
23830	233199		664799		14862	18596
238323	233406		66489		14873	18601
23833	233571		66497		14874	18606
23834	233833		665433		14884	18616
23849	233876		66596		14885	18618
238505	234023		66606		14886	18619
23874	234374		66617		14923	18642
239027	234407		66667		14933	18645
23917	234577		66757		14934	18648
23918	234582		667609		14938	18655
239273	234728		66870		14957	18669
239337	234839		66902		14958	18673
23954	234865		66912		14976	18710
23959	234878		66913		15043	18746
23965	235036		66953		15107	18782
23966	237361		66973		15108	18787
23999	237403		66978		15115	18791
240334	237436		67059		15122	18792
240641	237877		67097		15161	18799
240832	238323		67134		15181	18813
24116	23849		67177		15182	18817
241627	23886		67223		15183	18829
241639	23892		67239		15191	18844
242642	23917		67242		15201	18845
242705	23918		67326		15209	18938
243529	239337		67389		15254	18946
243963	23942		67442		15270	18947
244329	23943		67554		15288	18968
245000	23954		67603		15289	18972
245020	240084		67619		15312	18973
245676	24082		67671		15331	18974
245688	24086		67683		15354	19038
246102	24088		67728		15361	19039
260302	24108		67809		15366	19075
260423	241732		67824		15382	19076
263803	242642		67832		15384	19087
26562	242700		67862		15452	19088
26568	242705		67891		15461	19089
268396	243362		67895		15469	19125
268663	243529		67903		15473	19128
268697	243725		67920		15510	19130
26886	243910		67936		15516	19139
268930	244329		67949		15519	19183
26897	245676		67968		15525	19212
269023	245841		68011		15526	192187
26912	245857		68052		15528	192198
26921	246316		68087		15530	19221
269261	246707		68106		15568	19222
26939	26377		68147		15574	19231
269400	26401		68193		15587	19249
269470	26415		68241		15898	19258
269536	26562		68283		15925	19263
269582	266620		68294		15983	19270
269702	268396		68404		16016	19280
270058	268417		68498		16161	19285
270110	268445		68533		16188	192897
27041	268697		68743		16199	19294
27050	26886		68758		16211	19296
27053	268930		68775		16319	19335
271711	26921		68915		16351	19341
27207	269261		68949		16418	19348
27214	269400		68971		16430	19352
27221	269470		69080		16434	19361
272551	26949		69101		16450	19362
27357	269536		69134		16467	19363
27360	269582		69534		16469	19366
27374	269593		69581		16498	19377
27401	269799		69640		16551	19378
276770	269955		69719		16571	19384
276829	270058		69772		16576	19385
276919	270152		69806		16579	195733
27966	270163		69833		16580	19652
27967	27050		69902		16592	19672
28109	27053		69912		16596	19692
29856	271127		70024		16647	19737
29858	27214		70155		16648	19752
29870	27221		70186		16765	19876
29875	272551		70333		16776	19942
30841	27279		70427		16779	20014
30877	27280		70465		16784	20017
30927	27355		70536		16797	20018
30947	27364		70564		16818	20132
30948	27366		70572		16828	20133
30949	27370		70821		16852	20135
30962	27374		70835		16865	20174
319152	27401		71041		16881	20187
319157	276852		71345		16882	20198
319158	276919		71449		16898	20200
319161	27756		71584		16906	20216
319165	279572		71712		16907	20250
319167	27966		71733		16913	20271
319168	27967		71780		16975	20272
319169	27993		71819		16993	20288
319170	28000		71910		17025	20295
319173	28042		71913		170439	20299
319176	28071		71934		170461	20300
319191	28088		71970		17067	20315
319468	282619		71974		170718	20317
319618	29856		71988		170736	20319
319651	29859		72056		170748	20321
319675	29870		72133		170753	20345
319965	29875		72151		170761	20347
319996	30058		72155		170762	20350
320299	30794		72170		170768	20355
320394	30840		72265		170799	20365
320526	30877		72462		170823	20394
320685	30926		72542		17083	20419
326618	30947		72640		17089	20425
327900	30954		72657		170930	20443
329165	30963		72787		171170	20446
329540	319165		72947		17121	20448
329790	319166		72960		17125	20460
330050	319167		73284		17149	20480
330173	319168		73296		171567	20497
330814	319169		73710		17179	20501
330817	319170		73750		17188	20502
330836	319173		73804		17192	20509
331532	319191		73836		17199	20539
353156	319278		74148		17215	20540
353188	319446		74195		17216	20557
360198	319480		74340		17217	20606
381280	319565		74747		17218	20641
381306	319719		74776		17219	20657
381591	319765		75007		17220	20665
381802	319965		75089		17231	20667
381822	320209		75316		17279	20692
381924	320267		75705		17299	20716
382038	320322		75751		17311	207181
382843	320394		76130		17319	207212
384009	320685		76261		17330	20737
404710	320827		76459		17345	20743
406217	320878		76527		17350	20751
432486	327900		76561		17364	207592
432681	328162		76630		17427	207596
432721	329384		76687		17434	207607
432763	329790		76846		17448	20768
433745	330050		76905		17449	20775
433801	330695		76915		17463	207777
433813	330836		76932		17532	20778
434404	333830		76974		17535	20779
434858	353172		77411		17685	207792
435912	353211		78088		17688	207819
445007	360198		78294		17713	208084
50492	380601		78748		17748	20810
50778	381280		78757		17749	208146
50883	381413		78895		17750	20815
50926	381633		78925		17751	208177
50927	381801		78929		17754	208366
50934	381802		78938		17755	20856
51797	381822		79202		17761	208628
51812	382843		80794		17765	208634
51886	383706		80914		17766	208677
51944	383883		81840		17768	20873
52009	384009		85305		17771	20877
52033	384525		93672		17777	20878
52055	384710		93692		17846	208990
52187	386612		93757		17850	20901
52276	406217		93761		17859	209012
52377	432486		93842		17863	209032
52530	432681		94040		17864	20907
52683	432721		94065		17865	20928
52686	432763		94181		17876	209334
52864	433470		94185		17907	20937
53319	433546		97031		17938	209737
53356	433745		97165		17974	210544
53417	433801		97541		17975	210853
53602	433804		98170		17992	211064
53605	433813		98238		17995	211480
53817	433941				17999	211548
53876	434404				18000	211651
53890	435912				18002	212377
53897	445007				18004	212390
53975	50492				18005	212728
54120	50530				18041	212999
54141	50926				18082	213043
54196	51797				18100	213053
54366	51800				18102	213211
54392	51944				18103	21335
54394	52033				18105	213539
54419	52276				18114	213773
546015	52389				18115	21379
54630	52626				18117	213948
54648	52653				18120	213990
54711	52683				18125	214106
55944	52696				18140	214137
55983	53356				18148	214321
55989	53611				18150	21454
56040	53817				18176	214552
56070	53876				18188	214804
56075	53893				18207	214901
56150	53975				18221	214951
56190	54132				18226	215387
56200	54141				18230	215446
56207	54196				18294	216456
56215	54445				18302	216551
56226	54486				18391	216766
56278	545007				18392	216767
56279	545013				18393	21678
56289	545369				18408	21681
56321	545396				18415	216820
56350	54563				18432	216831
56361	546015				18439	216856
56371	54616				18452	216964
56390	54630				18477	217011
56397	54648				18483	217031
56412	546546				18484	217166
56421	547253				18538	217217
56434	55949				18540	217558
56449	55989				18551	217653
56452	55991				18559	217664
56455	56070				18566	217666
56456	56086				18567	21771
56459	56095				18570	217734
56505	56190				18572	21781
56520	56200				18597	217847
56615	56210				18601	217946
56620	56233				18602	21808
56644	56279				18618	218102
56693	56291				18634	21814
56739	56292				18637	21825
56741	56390				18641	21835
56749	56397				18642	21838
57028	56412				18648	21844
57247	56437				18655	218454
57258	56449				18669	21846
57315	56452				18673	21853
574404	56454				18674	218581
57444	56459				18700	21859
57738	56501				18701	21881
57741	56503				18746	21885
57915	56505				18770	218885
58180	56520				18786	218952
58859	56620				18813	218973
59001	56644				18817	218977
59008	56708				18846	219072
59015	56722				18938	219114
59016	56741				18949	21915
59053	56742				18968	21917
60411	56745				18969	21923
60507	56749				18971	21943
60527	56753				18972	21949
60530	56868				18973	21953
621893	57028				18974	21954
623006	57278				18976	21973
623453	57741				19011	21991
623474	57753				19012	22036
625349	57783				19047	22042
625917	57785				19049	22072
632778	57905				19060	22074
636931	58859				19069	22137
636952	59028				19072	22138
63872	59050				19075	22143
64424	59053				19076	22166
64652	60411				19087	22171
64658	60507				19089	22174
64704	60530				19139	22240
65019	621893				19166	22247
65111	623453				19167	22253
65221	623474				19172	22256
654824	623568				19173	22333
65972	625018				19175	22339
66044	625917				19177	22341
66047	626175				19179	22359
66049	626367				19181	223626
66098	627317				19182	223723
66101	637748				19183	223773
66119	63857				19184	22390
66131	63872				19192	224024
66140	64138				19212	224088
66147	64704				192120	224171
66162	65019				192169	22420
66293	65221				192174	224530
66311	654824				192191	224552
66336	66085				192194	224617
66350	66102				19231	224813
66367	66120				19259	224829
66409	66125				192650	225030
66412	66161				192663	225164
66441	66162				19268	225187
66442	66311				19275	225392
66447	66336				19280	225655
66489	66373				192897	225745
66497	66395				19301	225875
66506	66409				193043	225884
66513	66412				193217	226049
66515	66422				19341	226153
665433	664779				19348	22637
665509	66489				19352	226409
66578	66497				19353	226419
66596	665032				19355	226525
666036	66506				19358	226830
66614	665235				19360	226844
66617	665237				19361	22685
66656	665433				19362	227059
66664	66570				19363	227099
66667	66578				19366	22722
666756	66583				193736	227638
66679	66596				19376	227695
667005	666036				19384	227715
667728	66614				19385	227736
66821	66617				19387	22779
668300	66642				19400	228033
66855	66656				194908	228071
668661	666609				195040	228421
668668	666668				19646	228482
66870	66667				19650	228550
668940	66679				19656	228765
66897	66757				19687	228775
66902	667728				19719	228876
66910	66809				19720	228993
66911	668239				19743	229317
66912	668300				19746	229524
66929	66845				19777	229699
66934	66870				19819	229841
66938	66871				19823	229905
66949	668850				19824	229937
66953	66897				19826	230075
67030	66912				19891	230098
67041	66926				19935	230126
67052	66932				19944	230145
67077	66949				20014	230249
67080	66953				20017	230379
67082	67097				20018	230393
67097	67112				20019	230484
67115	67116				20021	230500
67116	67134				20022	230587
67122	67154				20133	230721
67134	67160				20135	230815
67145	671641				20148	230917
67153	67168				20166	230935
67160	67177				20168	230971
671641	67186				20174	231004
67177	67196				20187	231044
671878	67200				20191	231148
67196	67211				20222	231327
67198	67219				20226	231503
67200	67223				20250	231602
67223	67236				20300	231842
67236	67291				20321	231872
67239	673094				20322	231991
67242	67399				20353	232087
67291	67549				20362	232156
67298	675985				20365	232237
67326	67619				20400	232440
67389	67622				20419	232680
67399	67671				20422	232889
67534	67678				20425	232969
67553	67684				20438	233064
67604	67728				20445	233071
67619	67738				20448	233406
67629	67760				20460	233571
67671	67781				20480	233651
67678	67839				20501	233726
67689	67849				20509	233826
67728	67865				20514	233876
677448	67870				20519	233987
67759	67891				20524	234258
67778	67895				20533	234344
67781	67896				20539	234396
67843	67920				20557	234549
67849	67949				20558	234734
67870	67951				20587	235036
67877	68011				20588	235041
67893	68052				20595	235312
67917	68077				20603	235534
67920	68108				20606	235559
67936	68147				20610	235604
67956	68193				20617	235623
67963	68219				20624	236266
67967	68262				20630	236539
68011	68278				20637	236930
68014	68294				20638	237211
68045	68298				20639	237253
68052	68436				20641	237310
68108	68510				20643	237403
68114	68626				20646	237436
68147	68705				20656	237465
68153	68763				20667	237716
68219	68774				20677	237823
68236	68816				207212	237877
68262	68836				207214	237911
68278	68926				20733	23794
68279	68949				20737	23834
68294	68964				20739	23845
68298	68971				207393	238725
68355	69051				20741	23876
68420	69065				20751	239017
68449	69069				207607	239027
68533	69071				20768	23908
68549	69072				20775	23918
68612	69101				20778	239546
68644	69126				207819	239606
68738	69146				207965	23965
68743	69221				208084	23980
68816	69504				20810	23984
68846	69573				208146	240023
68877	69581				20818	240047
68926	69639				20823	240084
68939	69663				20826	240185
68948	69665				20832	240239
68949	69692				20833	24030
68964	69709				208366	240334
68971	69719				20850	24047
69051	69724				208518	24051
69101	69784				20856	240641
69178	69787				208595	240660
69221	69815				208624	240690
69259	69885				208628	240725
69270	69890				208643	24082
69535	69902				20867	241070
69551	69928				20872	241113
69573	70036				20873	241627
69582	70082				20877	241950
69601	70101				20878	242050
69639	70160				208836	242341
69663	70218				20892	242585
69724	70237				20897	242642
69810	70248				209003	243219
69847	70333				20901	243362
69878	70348				209012	243897
69882	70358				209027	244281
69885	70465				209032	244329
69902	70645				20916	244550
69912	70717				20917	244551
69928	70737				20930	244745
70021	70767				20931	245474
70080	70784				209318	245670
70099	70950				20933	245671
70122	71041				209334	245841
70129	71340				209354	246049
70218	71345				209357	257947
70237	71449				20937	258075
70333	71675				209378	258158
70348	71735				209584	258459
70358	71780				209601	259172
70385	71805				20969	260315
70466	71807				20972	260423
70574	71819				209737	263803
70584	71820				210035	26442
70645	71909				210148	26444
70699	71934				210376	26446
70767	71952				210417	26549
70799	71963				210544	26561
70999	71970				210711	26568
71242	71982				210925	26570
71279	72050				211134	268291
71384	72056				211151	268373
71449	72057				211253	268379
71591	72080				211548	268396
71702	72119				211556	268445
71712	72133				211651	268465
71720	72140				211652	268697
71735	72155				212377	26886
71780	72167				212442	268902
71805	72275				212503	268977
71819	72282				212528	269033
71846	72293				212531	26909
71874	72318				212679	26922
71878	72322				212728	269224
71909	72338				212772	26934
71943	72391				212999	269378
71949	72415				213211	269582
71952	72440				213332	26968
71963	72462				21334	269695
71988	72486				21335	269846
72002	72505				21349	269855
72042	72515				213539	27047
72057	72549				21357	27053
72080	72640				213773	27055
72119	72655				21379	270685
72140	72657				213948	27078
72155	72662				21401	270906
72170	72775				21402	271305
72198	72787				214048	271424
72322	72935				214106	271842
72338	72947				21414	27205
72357	73674				21415	27214
72391	73710				21418	27221
72415	73804				214489	272551
72425	73828				21453	27260
72461	73830				21454	27280
72462	74111				214572	27374
72505	74122				214580	27395
72515	74145				214763	27401
72544	74195				214804	27407
72549	74196				214901	276770
72567	74202				215193	276919
72615	74253				215387	277010
72640	74467				215708	27756
72655	74492				215819	277973
72657	74568				215821	27966
72685	74646				216011	279766
72749	74747				216049	27979
72750	74766				216119	28030
72787	74777				216150	28042
72844	75146				216156	28106
73103	75221				216443	28114
73139	75273				216456	28126
73167	75316				216459	282619
73181	75317				21647	29810
73385	75410				21648	29811
73420	75416				216551	29817
73453	75608				21665	29856
73674	75614				21672	29858
73710	75692				21676	29861
73723	75710				216766	29867
73804	75957				216767	29870
73828	76281				21681	30056
73830	76448				216820	30058
74044	76478				216856	30059
74051	76500				216987	30877
74053	76507				217011	30926
74096	76630				217031	30954
74105	76813				217057	319148
74107	76846				217109	319149
74111	76863				217140	319150
74123	76900				217149	319151
74131	76905				217217	319152
74187	76936				217316	319153
74190	76954				217337	319154
74195	76976				217364	319155
74196	77065				217431	319156
74198	77619				21752	319157
74205	77744				217593	319158
74239	77862				21762	319159
74355	77889				217653	319160
74451	78004				217666	319161
74492	78372				21770	319162
74571	78388				217700	319164
74868	78558				217707	319165
75129	78634				21771	319166
75146	78651				217734	319167
75189	78688				217737	319168
75210	78733				21778	319169
75316	78798				21781	319170
75317	78816				217935	319171
75416	78895				217946	319172
75454	78935				217980	319173
75458	791328				217995	319176
75590	79456				218100	319178
75614	80743				218102	319179
75786	80859				218121	319180
75957	80888				218138	319181
76044	80891				218343	319182
76366	80902				21838	319183
76411	80914				21849	319184
76459	83397				218490	319185
76478	83433				218506	319186
76524	83436				21853	319187
76560	83486				21854	319188
76626	83675				218543	319189
76630	83701				21856	319191
76813	83767				218581	319192
76846	83796				21873	319197
76872	84004				21877	319213
76884	85305				21881	319371
76900	93691				21885	319554
76932	93695				218865	319581
76936	93697				218885	319591
76954	93721				218973	319673
76967	93761				218977	319675
76976	94181				219072	319701
77578	94242				219114	319719
77744	97086				219149	319772
78339	97961				21915	319798
78372	98170				21916	319866
78658	98238				21917	319996
78733	98417				219189	320078
78816	98732				219249	320118
78895	98956				21955	320138
79456	99010				21973	320171
80744	99571				21982	320267
80880	99982				21991	320268
80914					22017	320327
80986					22035	320332
83675					22036	320398
83815					22042	320438
84004					22059	320466
85305					22063	320685
93691					22092	320712
93695					22099	320842
93835					22117	320910
93842					22122	320924
94181					22123	320974
94232					22137	326619
94279					22143	326620
97031					22146	327743
97165					22152	327762
97487					22154	327958
97541					22166	327992
98170					22171	328035
98238					22174	328162
98386					22192	328232
98417					22193	328561
98766					22194	328563
99003					22195	328778
99045					22218	328795
99100					22224	329160
99151					22225	329384
99377					22247	329416
99890					22256	329628
					22272	330050
					22273	330064
					22294	330149
					22321	330267
					223254	330301
					223267	330323
					22333	330355
					22334	330671
					22335	330836
					22340	330921
					223499	331623
					223527	333654
					223626	333883
					223649	338360
					223669	353156
					223691	353172
					223696	360198
					223722	378425
					223723	378462
					22375	380684
					223773	380773
					223828	381101
					223838	381204
					22384	381280
					223864	381293
					22390	381306
					223921	381318
					223970	381334
					223978	381546
					224045	381582
					224116	381605
					224143	381792
					224170	381802
					224171	381822
					22419	381903
					22420	385668
					22423	386655
					22439	396184
					224617	399558
					224648	404634
					224742	404710
					224805	407789
					225160	407790
					225182	407800
					225215	407821
					225283	432479
					225348	432879
					225362	433070
					225655	433813
					225659	433855
					225743	434436
					225745	436090
					225791	436467
					225875	442827
					225884	442847
					225887	445007
					225913	474332
					22596	50492
					225997	50527
					226043	50706
					22608	50708
					226123	50709
					226139	50770
					226169	50883
					22627	50884
					22629	50887
					22637	50908
					226409	50909
					226414	50927
					22648	51788
					226518	51797
					226539	51799
					22658	51800
					226646	51944
					226791	52033
					22680	52123
					226830	52150
					22685	52250
					226982	52276
					22701	52530
					227059	52637
					227095	52653
					227157	52679
					227197	53333
					22722	53376
					227358	53381
					227399	53418
					227522	53600
					227545	53601
					22755	53608
					22758	53881
					22761	53893
					227682	53902
					227683	54124
					227695	54132
					227699	54141
					227715	54167
					227720	54219
					227736	54390
					227746	54392
					22775	54422
					22776	54483
					22791	54485
					228005	545205
					228019	545490
					228026	54563
					228033	54670
					228071	54672
					228359	54709
					228366	55963
					228368	55982
					228410	55985
					228482	55989
					228491	55990
					228715	55993
					228812	56075
					228859	56086
					228889	56088
					228961	56095
					229211	56150
					229279	56207
					229285	56213
					229317	56264
					229363	56279
					229487	56282
					229524	56284
					229709	56292
					229841	56297
					229905	56306
					229937	56312
					229949	56318
					230027	56321
					230075	56332
					230082	56334
					230145	56361
					230233	56397
					230234	56401
					230249	56412
					230376	56419
					230393	56429
					230484	56434
					230500	56449
					230577	56452
					230587	56454
					230612	56505
					230649	56520
					230657	56619
					230709	56693
					230721	56702
					230737	56741
					230751	56742
					230770	56846
					230806	57248
					230809	57258
					230810	57296
					230822	57377
					230824	57432
					230863	57434
					230903	57441
					230908	574428
					230935	57741
					230991	57750
					231042	57785
					231086	57875
					231279	57913
					231293	58186
					231327	58193
					231413	58207
					231430	58208
					231452	58234
					231571	58809
					231672	58861
					231872	59008
					231887	59014
					231999	59028
					232187	59033
					232337	59092
					232440	59126
					232449	60406
					232491	60411
					232493	60507
					232536	60530
					232679	60594
					232878	60596
					232879	619292
					232889	619301
					232910	621893
					232943	622404
					232969	623474
					232975	624713
					233040	624866
					233057	626832
					233064	627367
					233107	628110
					233189	629378
					233406	629499
					233726	632264
					233802	635253
					233826	63830
					233870	63959
					233875	64059
					233876	64136
					233987	64213
					234258	64297
					234309	64337
					234344	64540
					234358	64654
					234374	64655
					234384	64704
					234388	64707
					234396	64817
					234549	64945
					234723	65079
					234734	65963
					234736	66058
					234814	66094
					234825	66098
					234857	66101
					234865	66102
					235036	66120
					235048	66121
					235072	66131
					235256	66142
					235330	66143
					235339	66148
					235459	66152
					235497	66164
					235533	66169
					235559	66181
					235604	66196
					236266	66197
					236539	66212
					236792	66218
					236900	66223
					236930	66230
					237107	66235
					237221	66248
					237313	66256
					237403	66274
					237436	66293
					237615	66311
					237823	66333
					237847	66336
					237877	66357
					23790	66377
					237911	66405
					237926	66409
					238024	66414
					23808	66422
					23825	66442
					238257	66446
					23831	66449
					238323	66461
					23834	66468
					23837	66471
					238505	66473
					23854	66477
					238673	66488
					238722	664968
					23873	66497
					23874	665001
					238799	66506
					23897	665205
					239017	665211
					239083	66525
					239133	665270
					239167	66531
					23917	665596
					23918	665622
					23925	66570
					23937	665700
					23954	665828
					239546	66594
					23955	66596
					23980	66607
					23983	66614
					239833	66634
					23988	66664
					23989	66695
					23996	667962
					23997	668066
					240057	668158
					240058	668212
					240084	66825
					24015	668303
					24030	66845
					240334	66860
					24060	66868
					24061	66870
					240641	66897
					240660	66910
					24082	66912
					241066	66925
					24116	66929
					24117	66934
					241525	66948
					241589	66953
					241627	66977
					241633	66988
					241732	67037
					241950	67042
					242297	67052
					242484	67054
					242521	67059
					242570	67087
					242602	67103
					242603	67112
					242642	67121
					242705	67133
					242726	67134
					242864	67141
					242894	67153
					242915	67187
					243084	67194
					243300	67196
					243753	672195
					244141	67223
					244216	67239
					244219	67242
					244329	67306
					244646	67326
					244745	67329
					245195	67373
					245474	67388
					245670	67390
					245688	67437
					245841	67458
					245865	67492
					246256	67504
					246316	67518
					246782	67522
					252838	67523
					257633	67534
					258459	67549
					258475	67553
					258506	67619
					258817	67628
					260423	67629
					26360	67664
					263803	67680
					264064	67703
					26413	67719
					264134	67724
					26426	67738
					26440	67811
					26441	67824
					26442	67834
					26443	67849
					26444	67868
					26445	67883
					26446	67895
					26458	67900
					26462	67941
					26465	67949
					26572	67952
					26754	67956
					268281	67973
					268373	67991
					268445	68001
					268465	68010
					268490	68014
					268527	68015
					268697	68024
					268822	68026
					26886	68108
					26891	68133
					26893	68147
					268930	68166
					26894	68197
					26895	68198
					268958	68201
					26896	68203
					26901	68223
					26905	68236
					26909	68241
					269113	68267
					26912	68298
					26922	68316
					269224	68355
					269252	68385
					26926	68428
					26934	68493
					269378	68512
					26939	68539
					26940	68549
					269437	68553
					269470	68565
					26951	68612
					269523	68644
					269582	68725
					269695	68729
					26987	68743
					26992	68763
					269951	68774
					269952	68816
					27041	68874
					27053	68876
					27059	68920
					270669	68926
					270685	68939
					27078	68944
					270906	68948
					271842	68949
					271849	69036
					27205	69051
					27214	69060
					27221	69065
					272396	69071
					272551	69073
					27267	69086
					27280	69091
					27357	69101
					27366	69156
					27368	69165
					27371	69168
					27374	69189
					27376	69191
					27393	69270
					27395	69274
					27397	69279
					27398	69363
					27401	69386
					27402	69428
					27407	69517
					27425	69538
					27426	69547
					27632	69581
					27643	69590
					276770	69591
					276919	69617
					277396	69639
					27756	69663
					277973	69684
					278240	69706
					278507	69716
					27966	69719
					27967	69727
					279766	69736
					27979	69749
					27993	69804
					27998	69806
					28000	69820
					28018	69833
					28028	69878
					28030	69885
					28035	69895
					28036	69902
					28042	69941
					28075	70021
					28080	70024
					28106	70025
					28109	70036
					28114	70081
					28126	70082
					28185	70083
					29858	70120
					29861	70186
					29867	70218
					29870	70235
					30045	70252
					30055	70257
					30056	70284
					30057	70316
					30058	70333
					30059	70361
					30795	70362
					30840	70385
					30853	70422
					30877	70451
					30926	70458
					30927	70460
					30939	70466
					30947	70472
					30949	70572
					30954	70624
					30963	70645
					317750	70652
					319148	70681
					319149	70699
					319150	70735
					319151	70769
					319153	70772
					319154	70796
					319156	70804
					319157	70891
					319158	70979
					319159	70997
					319160	71020
					319161	71038
					319164	71085
					319165	71145
					319166	71149
					319167	71151
					319168	71276
					319169	71432
					319170	71446
					319171	71449
					319172	71461
					319178	71529
					319179	71643
					319180	71660
					319181	71675
					319183	71790
					319184	71804
					319186	71819
					319187	71820
					319188	71853
					319189	71876
					319191	71878
					319207	71911
					319278	71913
					319371	71931
					319486	71952
					319554	71984
					319581	71988
					319673	72017
					319678	72022
					319743	72050
					319765	72080
					319801	72083
					319996	72097
					320021	72107
					320051	72119
					320088	72151
					320139	72155
					320209	72170
					320237	72171
					320267	72258
					320438	72287
					320508	72309
					320557	72324
					320604	72333
					320609	72391
					320685	72415
					320742	72462
					320806	72469
					320879	72486
					320949	72515
					321003	72549
					326619	72640
					326620	72655
					327762	72657
					327900	72662
					327942	72668
					328092	72685
					328162	72709
					328274	72754
					328795	72776
					328825	72787
					329165	72844
					329384	72960
					329547	73046
					329659	73047
					329679	73124
					329702	73139
					330050	73158
					330064	73192
					330119	73212
					330173	73218
					330188	73254
					330216	73316
					330301	73453
					330319	73542
					330369	73674
					330671	73681
					330695	73804
					330817	73813
					330836	73822
					330938	73824
					330959	73906
					333654	73916
					333883	74016
					338348	74041
					338359	74044
					338360	74104
					353155	74107
					353156	74134
					353172	74145
					353242	74148
					360198	74246
					360213	74253
					378431	74268
					378462	74335
					380601	74338
					380684	74511
					380702	74589
					380705	74600
					380752	74610
					380773	74646
					380840	74711
					381038	74754
					381045	74849
					381073	75115
					381101	75216
					381126	75266
					381157	75273
					381204	75285
					381259	75305
					381280	75316
					381293	75317
					381306	75453
					381314	75480
					381318	75517
					381337	75563
					381406	75564
					381463	75599
					381481	75614
					381560	75623
					381760	75625
					381802	75646
					381810	75691
					381822	75723
					381853	75870
					381903	75939
					381983	75957
					382038	75973
					382207	76044
					382571	76082
					382913	76113
					383563	76131
					384281	76166
					386612	76179
					386649	76193
					386655	76220
					399101	76229
					399633	76261
					403202	76267
					404545	76429
					404710	76454
					404711	76459
					407785	76464
					407804	76524
					408068	76574
					414077	76646
					414092	76703
					414101	76809
					414123	76843
					432508	76854
					432530	76872
					432628	76890
					432879	76900
					433182	76905
					433256	76915
					433365	76927
					433408	76943
					433702	76947
					433759	76954
					433771	77011
					433813	77057
					433855	77058
					433864	77125
					433904	77285
					433956	77516
					434156	77583
					436090	77619
					445007	77626
					448850	77647
					4609	77721
					474156	77744
					494448	77782
					494504	77862
					50492	77891
					50496	77896
					50497	78016
					50527	78052
					50529	78070
					50709	78146
					50721	78177
					50722	78185
					50765	78285
					50773	78286
					50783	78658
					50793	78697
					50799	78733
					50868	78767
					50877	78883
					50883	78892
					50887	78908
					50905	78910
					50911	78919
					50927	78925
					50933	78929
					50935	791359
					50995	791411
					50997	791415
					51788	79456
					51797	80707
					51798	80752
					51801	80838
					51810	80879
					51869	80880
					51886	80890
					51944	80910
					52009	80914
					52033	80982
					52064	80986
					52123	81600
					52202	81877
					52206	81896
					52245	83383
					52250	83396
					52276	83964
					52398	84094
					52430	85305
					52443	93684
					52469	93686
					52513	93706
					52530	93888
					52538	94045
					52563	94065
					52575	94109
					52592	94180
					52626	94190
					52633	94254
					52637	97114
					52653	97122
					52665	97130
					52679	97165
					52686	97908
					52696	98238
					52700	98845
					52705	98956
					52715	99010
					52815	99011
					52838	99151
					52846	99167
					52874	99633
					52892	
					52906	
					53323	
					53333	
					53356	
					53375	
					53379	
					53381	
					53382	
					53414	
					53416	
					53417	
					53418	
					53422	
					53424	
					53600	
					53605	
					53607	
					53610	
					53817	
					53858	
					53861	
					53868	
					53872	
					53893	
					53895	
					53978	
					54122	
					54124	
					54132	
					54135	
					54138	
					54141	
					54196	
					54197	
					54200	
					54215	
					54219	
					54342	
					54351	
					54364	
					54369	
					54371	
					54373	
					54392	
					54397	
					54401	
					54409	
					544696	
					544717	
					544963	
					545622	
					545641	
					545725	
					54632	
					546336	
					54672	
					54709	
					55927	
					55944	
					55946	
					55947	
					55963	
					55980	
					55981	
					55982	
					55989	
					56031	
					56046	
					56068	
					56070	
					56075	
					56086	
					56088	
					56095	
					56150	
					56194	
					56200	
					56207	
					56214	
					56224	
					56226	
					56273	
					56275	
					56279	
					56280	
					56282	
					56284	
					56292	
					56295	
					56305	
					56306	
					56307	
					56309	
					56317	
					56321	
					56325	
					56327	
					56330	
					56334	
					56347	
					56348	
					56349	
					56351	
					56361	
					56368	
					56369	
					56371	
					56375	
					56390	
					56403	
					56412	
					56419	
					56421	
					56427	
					56428	
					56433	
					56436	
					56438	
					56449	
					56451	
					56452	
					56454	
					56456	
					56459	
					56462	
					56463	
					56488	
					56503	
					56505	
					56520	
					56524	
					56530	
					56532	
					56542	
					56551	
					56693	
					56695	
					56698	
					56702	
					56749	
					56752	
					56802	
					56807	
					56839	
					56844	
					56846	
					56868	
					57080	
					57255	
					57258	
					57312	
					57315	
					57316	
					57320	
					57373	
					57377	
					57423	
					57432	
					57434	
					57437	
					57441	
					57443	
					57741	
					57746	
					57750	
					57752	
					57753	
					57773	
					57785	
					57874	
					57875	
					57905	
					57913	
					58184	
					58185	
					58186	
					58230	
					58520	
					58523	
					58802	
					58867	
					58875	
					59001	
					59008	
					59009	
					59014	
					59016	
					59025	
					59028	
					59029	
					59030	
					59031	
					59032	
					59035	
					59038	
					59046	
					59052	
					59053	
					59054	
					595136	
					60315	
					60365	
					60406	
					60411	
					60441	
					60507	
					60530	
					619289	
					619301	
					619605	
					621998	
					623474	
					623661	
					624713	
					624866	
					625311	
					625421	
					625514	
					626848	
					626904	
					627828	
					629159	
					63955	
					63959	
					63985	
					64011	
					640374	
					64082	
					64099	
					64136	
					641376	
					64213	
					64291	
					64384	
					64424	
					64540	
					64655	
					64656	
					64657	
					64658	
					64659	
					64660	
					64704	
					64707	
					64934	
					64945	
					65102	
					65105	
					65111	
					65246	
					654440	
					654803	
					65961	
					65962	
					65967	
					66011	
					66043	
					66044	
					66046	
					66047	
					66050	
					66052	
					66054	
					66055	
					66059	
					66065	
					66067	
					66074	
					66075	
					66077	
					66094	
					66098	
					66101	
					66108	
					66117	
					66118	
					66119	
					66120	
					66121	
					66123	
					66125	
					66126	
					66128	
					66131	
					66132	
					66138	
					66140	
					66142	
					66143	
					66148	
					66152	
					66153	
					66154	
					66155	
					66162	
					66163	
					66164	
					66167	
					66169	
					66170	
					66181	
					66192	
					66194	
					66196	
					66197	
					66212	
					66218	
					66220	
					66223	
					66225	
					66229	
					66230	
					66231	
					66235	
					66237	
					66242	
					66245	
					66248	
					66249	
					66254	
					66256	
					66258	
					66268	
					66271	
					66274	
					66276	
					66282	
					66292	
					66307	
					66308	
					66310	
					66311	
					66317	
					66320	
					66330	
					66336	
					66343	
					66350	
					66356	
					66357	
					66362	
					66364	
					66373	
					66377	
					66384	
					66385	
					66390	
					66397	
					66398	
					66399	
					66401	
					66403	
					66406	
					66407	
					66409	
					66413	
					66414	
					66419	
					66420	
					66422	
					66423	
					66427	
					66431	
					66440	
					66441	
					66442	
					66445	
					66446	
					66448	
					66449	
					66459	
					66461	
					66462	
					66464	
					66467	
					66468	
					66471	
					66477	
					664799	
					66483	
					66487	
					66488	
					66491	
					66493	
					66494	
					66495	
					664968	
					66497	
					664994	
					665001	
					66506	
					665113	
					66513	
					66514	
					66521	
					66523	
					66525	
					66531	
					66537	
					66538	
					665433	
					66556	
					66566	
					66569	
					66570	
					66578	
					66580	
					66583	
					66585	
					66586	
					66590	
					66592	
					66594	
					66596	
					665989	
					66603	
					66611	
					66614	
					66617	
					66618	
					66624	
					66628	
					66632	
					66634	
					66637	
					66642	
					66643	
					666451	
					66656	
					66659	
					666609	
					66661	
					66664	
					666668	
					66667	
					666704	
					66671	
					66679	
					66681	
					66690	
					66694	
					66701	
					66752	
					66757	
					66790	
					66801	
					668096	
					668100	
					668107	
					668113	
					668115	
					668137	
					668155	
					668158	
					668173	
					66821	
					668212	
					66824	
					66834	
					66841	
					66844	
					66845	
					66865	
					66870	
					66871	
					66880	
					66881	
					66889	
					66890	
					66902	
					66904	
					66910	
					66911	
					66912	
					66913	
					66915	
					66916	
					66925	
					66926	
					66928	
					66929	
					66934	
					66942	
					66948	
					66949	
					66953	
					66960	
					66964	
					66965	
					66971	
					66973	
					66975	
					66977	
					66980	
					66988	
					66994	
					66997	
					66998	
					67003	
					67005	
					67008	
					67011	
					67016	
					67019	
					67026	
					67028	
					67036	
					67037	
					67041	
					67042	
					67046	
					67049	
					67050	
					67052	
					67053	
					67054	
					67059	
					67067	
					67073	
					67075	
					67078	
					67087	
					67089	
					67096	
					67099	
					67101	
					67103	
					67105	
					67106	
					67121	
					67134	
					67139	
					67141	
					67144	
					67149	
					67151	
					67153	
					67157	
					67160	
					67164	
					67170	
					67182	
					67187	
					67194	
					67196	
					67198	
					67199	
					67203	
					67204	
					67205	
					67207	
					67210	
					67212	
					67217	
					67219	
					672195	
					67222	
					67223	
					67224	
					67228	
					67236	
					67239	
					67242	
					67252	
					67255	
					67264	
					67267	
					67270	
					67273	
					67276	
					67282	
					67288	
					67308	
					67311	
					67326	
					67332	
					67337	
					67373	
					67382	
					67383	
					67384	
					67388	
					67390	
					67391	
					67422	
					67429	
					67441	
					67451	
					67454	
					67458	
					67459	
					67460	
					67465	
					67468	
					67472	
					67486	
					67492	
					67493	
					67504	
					67522	
					67530	
					67534	
					67547	
					67549	
					67553	
					675812	
					67582	
					67604	
					67618	
					67619	
					67622	
					67628	
					67629	
					67642	
					67648	
					67657	
					67669	
					67673	
					67674	
					67678	
					67680	
					67681	
					67683	
					67684	
					67685	
					67693	
					67694	
					67710	
					67711	
					67713	
					67724	
					67728	
					67738	
					67767	
					67781	
					67800	
					67801	
					67811	
					67824	
					67832	
					67834	
					67836	
					67840	
					67842	
					67843	
					67849	
					67851	
					67870	
					67871	
					67873	
					67877	
					67878	
					67883	
					67892	
					67895	
					67897	
					67899	
					67900	
					67902	
					67914	
					67920	
					67923	
					67936	
					67937	
					67941	
					67942	
					67943	
					67949	
					67952	
					67956	
					67958	
					67966	
					67973	
					67978	
					67983	
					67994	
					68001	
					68011	
					68014	
					68015	
					68017	
					68020	
					68021	
					68023	
					68026	
					68032	
					68033	
					68038	
					68040	
					68043	
					68044	
					68045	
					68046	
					68048	
					68051	
					68053	
					68066	
					68067	
					68082	
					68087	
					68092	
					68099	
					68106	
					68108	
					68115	
					68117	
					68121	
					68133	
					68147	
					68153	
					68165	
					68166	
					68184	
					68185	
					68194	
					68196	
					68197	
					68198	
					68201	
					68202	
					68209	
					68215	
					68219	
					68240	
					68241	
					68250	
					68260	
					68263	
					68268	
					68272	
					68275	
					68277	
					68278	
					68279	
					68281	
					68283	
					68285	
					68298	
					68304	
					68316	
					68327	
					68346	
					68347	
					68349	
					68355	
					68375	
					68401	
					68428	
					68440	
					68463	
					68475	
					68479	
					68493	
					68499	
					68501	
					68512	
					68533	
					68537	
					68539	
					68549	
					68550	
					68559	
					68565	
					68572	
					68576	
					68606	
					68611	
					68612	
					68626	
					68636	
					68644	
					68653	
					68705	
					68708	
					68725	
					68729	
					68730	
					68731	
					68735	
					68743	
					68758	
					68763	
					68816	
					68846	
					68859	
					68875	
					68876	
					68915	
					68918	
					68920	
					68926	
					68927	
					68944	
					68948	
					68964	
					68971	
					68979	
					68980	
					68981	
					68988	
					68991	
					68995	
					69017	
					69019	
					69028	
					69035	
					69038	
					69042	
					69051	
					69064	
					69071	
					69072	
					69091	
					69101	
					69109	
					69126	
					69150	
					69151	
					69156	
					69163	
					69168	
					69185	
					69186	
					69217	
					69225	
					69237	
					69241	
					69263	
					69270	
					69305	
					69309	
					69367	
					69372	
					69386	
					69478	
					69482	
					69499	
					69527	
					69547	
					69549	
					69568	
					69572	
					69577	
					69587	
					69591	
					69608	
					69617	
					69625	
					69634	
					69639	
					69660	
					69662	
					69663	
					69666	
					69672	
					69684	
					69692	
					69694	
					69702	
					69706	
					69707	
					69713	
					69716	
					69719	
					69724	
					69736	
					69749	
					69784	
					69786	
					69804	
					69807	
					69820	
					69821	
					69833	
					69859	
					69860	
					69871	
					69875	
					69878	
					69885	
					69890	
					69902	
					69906	
					69912	
					69918	
					69920	
					69923	
					69928	
					69938	
					69941	
					69942	
					69956	
					69957	
					69961	
					69972	
					69976	
					69993	
					70012	
					70021	
					70024	
					70025	
					70036	
					70047	
					70057	
					70080	
					70081	
					70082	
					70083	
					70088	
					70099	
					70103	
					70120	
					70138	
					70153	
					70160	
					70178	
					70186	
					70207	
					70218	
					70223	
					70225	
					70235	
					70237	
					70238	
					70247	
					70248	
					70257	
					70294	
					70310	
					70316	
					70317	
					70325	
					70333	
					70335	
					70345	
					70348	
					70356	
					70359	
					70361	
					70383	
					70385	
					70397	
					70415	
					70422	
					70451	
					70454	
					70458	
					70465	
					70466	
					70472	
					70478	
					70544	
					70546	
					70551	
					70572	
					70601	
					70620	
					70645	
					70681	
					70683	
					70699	
					70726	
					70737	
					70750	
					70757	
					70769	
					70796	
					70804	
					70885	
					70930	
					70997	
					70998	
					70999	
					71041	
					71085	
					71097	
					71147	
					71151	
					71242	
					71276	
					71296	
					71336	
					71354	
					71365	
					71435	
					71446	
					71449	
					71461	
					71523	
					71591	
					71599	
					71643	
					71675	
					71679	
					71683	
					71687	
					71701	
					71709	
					71718	
					71720	
					71735	
					71743	
					71745	
					71765	
					71767	
					71769	
					71775	
					71779	
					71780	
					71790	
					71804	
					71805	
					71807	
					71819	
					71820	
					71835	
					71836	
					71844	
					71846	
					71853	
					71876	
					71909	
					71911	
					71913	
					71916	
					71919	
					71924	
					71946	
					71950	
					71952	
					71957	
					71963	
					71968	
					71970	
					71973	
					71974	
					71984	
					71986	
					71988	
					71991	
					72016	
					72017	
					72022	
					72050	
					72056	
					72057	
					72061	
					72080	
					72083	
					72084	
					72096	
					72103	
					72106	
					72107	
					72117	
					72119	
					72124	
					72133	
					72140	
					72151	
					72155	
					72162	
					72170	
					72171	
					72179	
					72195	
					72198	
					72201	
					72275	
					72290	
					72293	
					72309	
					72315	
					72322	
					72324	
					72341	
					72354	
					72355	
					72361	
					72391	
					72400	
					72401	
					72415	
					72416	
					72454	
					72462	
					72465	
					72472	
					72486	
					72502	
					72514	
					72515	
					72542	
					72549	
					72554	
					72556	
					72599	
					72612	
					72614	
					72621	
					72655	
					72657	
					72658	
					72661	
					72662	
					72667	
					72685	
					72692	
					72709	
					72722	
					72748	
					72776	
					72787	
					72792	
					72844	
					72900	
					72931	
					72947	
					72960	
					72962	
					72981	
					73046	
					73047	
					73078	
					73103	
					73106	
					73139	
					73158	
					73166	
					73172	
					73192	
					73212	
					73218	
					73254	
					73287	
					73316	
					73327	
					73410	
					73449	
					73451	
					73598	
					73600	
					73666	
					73674	
					73681	
					73694	
					73699	
					73724	
					73736	
					73739	
					73750	
					73804	
					73824	
					73828	
					73830	
					73916	
					73919	
					74018	
					74035	
					74038	
					74041	
					74044	
					74080	
					74100	
					74104	
					74107	
					74111	
					74142	
					74143	
					74148	
					74154	
					74168	
					74185	
					74195	
					74196	
					74197	
					74205	
					74246	
					74252	
					74254	
					74268	
					74270	
					74326	
					74335	
					74410	
					74454	
					74467	
					74513	
					74528	
					74600	
					74610	
					74616	
					74682	
					74706	
					74754	
					74776	
					74778	
					74838	
					75062	
					75083	
					75116	
					75129	
					75221	
					75273	
					75284	
					75311	
					75317	
					75323	
					75398	
					75406	
					75416	
					75422	
					75430	
					75452	
					75453	
					75454	
					75530	
					75565	
					75590	
					75593	
					75597	
					75614	
					75619	
					75692	
					75694	
					75705	
					75710	
					75723	
					75732	
					75739	
					75751	
					75758	
					75763	
					75778	
					75786	
					75805	
					75870	
					75939	
					76044	
					76123	
					76130	
					76131	
					76132	
					76138	
					76166	
					76167	
					76178	
					76193	
					76267	
					76357	
					76367	
					76429	
					76454	
					76459	
					76464	
					76477	
					76478	
					76483	
					76522	
					76524	
					76547	
					76574	
					76582	
					76612	
					76614	
					76646	
					76687	
					76779	
					76781	
					76788	
					76809	
					76813	
					76826	
					76843	
					76872	
					76886	
					76890	
					76892	
					76894	
					76900	
					76915	
					76936	
					76937	
					76947	
					76952	
					76972	
					76976	
					76987	
					77011	
					77032	
					77035	
					77048	
					77065	
					77106	
					77254	
					77265	
					77285	
					77300	
					77490	
					77521	
					77569	
					77579	
					77591	
					77619	
					77626	
					77652	
					77697	
					77721	
					77744	
					77766	
					77777	
					77782	
					77794	
					77799	
					77809	
					77862	
					77877	
					77891	
					77951	
					77998	
					78100	
					78177	
					78283	
					78286	
					78304	
					78330	
					78353	
					78369	
					78372	
					78403	
					78514	
					78523	
					78541	
					78619	
					78651	
					78653	
					78655	
					78658	
					78697	
					78733	
					78795	
					78796	
					78801	
					78806	
					78833	
					78834	
					78895	
					78908	
					78925	
					78928	
					78929	
					78935	
					78943	
					79044	
					791299	
					791415	
					79456	
					79459	
					79464	
					79554	
					80287	
					80509	
					80744	
					80751	
					80838	
					80879	
					80880	
					80905	
					80914	
					80915	
					80986	
					81896	
					83383	
					83603	
					83674	
					83945	
					83961	
					83984	
					84036	
					85305	
					93681	
					93692	
					93706	
					93707	
					93737	
					93747	
					93765	
					93843	
					93966	
					94061	
					94062	
					94063	
					94064	
					94065	
					94066	
					94181	
					94191	
					94214	
					94223	
					94232	
					94254	
					94279	
					94352	
					96979	
					97086	
					97114	
					97159	
					97165	
					97440	
					97884	
					97908	
					97961	
					98221	
					98238	
					98258	
					98363	
					98404	
					98415	
					98417	
					98660	
					98766	
					98828	
					98956	
					99010	
					99011	
					99045	
					99167	
